3187	
1   -0.0003653535
2   -0.0002373435
3   -0.0002373435
4   -0.0001070525
5   -0.0003653535
6   -0.0006321519
7   -0.0003653535
8   -0.0001070525
9   -0.0002373435
10   -0.0002373435
11   -0.0003653535
12   -0.0003653535
13   -0.0002373435
14   -0.0002373435
15   -0.0001070525
16   -0.0003653535
17   -0.0006321519
18   -0.0003653535
19   -0.0001070525
20   -0.0002373435
21   -0.0002373435
22   -0.0003653535
23   -0.0003653535
24   -0.0002373435
25   -0.0002373435
26   -0.0001070525
27   -0.0003653535
28   -0.0006321519
29   -0.0003653535
30   -0.0001070525
31   -0.0002373435
32   -0.0002373435
33   -0.0003653535
34   -0.0003653535
35   -0.0002373435
36   -0.0002373435
37   -0.0001070525
38   -0.0003653535
39   -0.0006321519
40   -0.0003653535
41   -0.0001070525
42   -0.0002373435
43   -0.0002373435
44   -0.0003653535
45   -0.0003653535
46   -0.0002373435
47   -0.0002373435
48   -0.0001070525
49   -0.0003653535
50   -0.0006321519
51   -0.0003653535
52   -0.0001070525
53   -0.0002373435
54   -0.0002373435
55   -0.0003653535
56   -0.0003653535
57   -0.0002373435
58   -0.0002373435
59   -0.0001070525
60   -0.0003653535
61   -0.0006321519
62   -0.0003653535
63   -0.0001070525
64   -0.0002373435
65   -0.0002373435
66   -0.0003653535
67   -0.0003653535
68   -0.0002373435
69   -0.0002373435
70   -0.0001070525
71   -0.0003653535
72   -0.0006321519
73   -0.0003653535
74   -0.0001070525
75   -0.0002373435
76   -0.0002373435
77   -0.0003653535
78   -0.0003653535
79   -0.0002373435
80   -0.0002373435
81   -0.0001070525
82   -0.0003653535
83   -0.0006321519
84   -0.0003653535
85   -0.0001070525
86   -0.0002373435
87   -0.0002373435
88   -0.0003653535
89   -0.0006321519
90   -0.0004935777
91   -0.0004935777
92   -0.0002373435
93   -0.0007738138
94   -0.0011709298
95   -0.0007738138
96   -0.0002373435
97   -0.0004935777
98   -0.0004935777
99   -0.0006321519
100   -0.0006321519
101   -0.0004935777
102   -0.0004935777
103   -0.0002373435
104   -0.0007738138
105   -0.0011709298
106   -0.0007738138
107   -0.0002373435
108   -0.0004935777
109   -0.0004935777
110   -0.0006321519
111   -0.0006321519
112   -0.0004935777
113   -0.0004935777
114   -0.0002373435
115   -0.0007738138
116   -0.0011709298
117   -0.0007738138
118   -0.0002373435
119   -0.0004935777
120   -0.0004935777
121   -0.0006321519
122   -0.0006321519
123   -0.0004935777
124   -0.0004935777
125   -0.0002373435
126   -0.0007738138
127   -0.0011709298
128   -0.0007738138
129   -0.0002373435
130   -0.0004935777
131   -0.0004935777
132   -0.0006321519
133   -0.0006321519
134   -0.0004935777
135   -0.0004935777
136   -0.0002373435
137   -0.0007738138
138   -0.0011709298
139   -0.0007738138
140   -0.0002373435
141   -0.0004935777
142   -0.0004935777
143   -0.0006321519
144   -0.0006321519
145   -0.0004935777
146   -0.0004935777
147   -0.0002373435
148   -0.0007738138
149   -0.0011709298
150   -0.0007738138
151   -0.0002373435
152   -0.0004935777
153   -0.0004935777
154   -0.0006321519
155   -0.0006321519
156   -0.0004935777
157   -0.0004935777
158   -0.0002373435
159   -0.0007738138
160   -0.0011709298
161   -0.0007738138
162   -0.0002373435
163   -0.0004935777
164   -0.0004935777
165   -0.0006321519
166   -0.0006321519
167   -0.0004935777
168   -0.0004935777
169   -0.0002373435
170   -0.0007738138
171   -0.0011709298
172   -0.0007738138
173   -0.0002373435
174   -0.0004935777
175   -0.0004935777
176   -0.0006321519
177   -0.0006321519
178   -0.0004935777
179   -0.0004935777
180   -0.0002373435
181   -0.0007738138
182   -0.0011709298
183   -0.0007738138
184   -0.0002373435
185   -0.0004935777
186   -0.0004935777
187   -0.0006321519
188   -0.0006321519
189   -0.0004935777
190   -0.0004935777
191   -0.0002373435
192   -0.0007738138
193   -0.0011709298
194   -0.0007738138
195   -0.0002373435
196   -0.0004935777
197   -0.0004935777
198   -0.0006321519
199   -0.0006321519
200   -0.0004935777
201   -0.0004935777
202   -0.0002373435
203   -0.0007738138
204   -0.0011709298
205   -0.0007738138
206   -0.0002373435
207   -0.0004935777
208   -0.0004935777
209   -0.0006321519
210   -0.0006321519
211   -0.0004935777
212   -0.0004935777
213   -0.0002373435
214   -0.0007738138
215   -0.0011709298
216   -0.0007738138
217   -0.0002373435
218   -0.0004935777
219   -0.0004935777
220   -0.0006321519
221   -0.0006321519
222   -0.0004935777
223   -0.0004935777
224   -0.0002373435
225   -0.0007738138
226   -0.0011709298
227   -0.0007738138
228   -0.0002373435
229   -0.0004935777
230   -0.0004935777
231   -0.0006321519
232   -0.0006321519
233   -0.0004935777
234   -0.0004935777
235   -0.0002373435
236   -0.0007738138
237   -0.0011709298
238   -0.0007738138
239   -0.0002373435
240   -0.0004935777
241   -0.0004935777
242   -0.0006321519
243   -0.0006321519
244   -0.0004935777
245   -0.0004935777
246   -0.0002373435
247   -0.0007738138
248   -0.0011709298
249   -0.0007738138
250   -0.0002373435
251   -0.0004935777
252   -0.0004935777
253   -0.0006321519
254   -0.0006321519
255   -0.0004935777
256   -0.0004935777
257   -0.0002373435
258   -0.0007738138
259   -0.0011709298
260   -0.0007738138
261   -0.0002373435
262   -0.0004935777
263   -0.0004935777
264   -0.0006321519
265   -0.0006321519
266   -0.0004935777
267   -0.0004935777
268   -0.0002373435
269   -0.0007738138
270   -0.0011709298
271   -0.0007738138
272   -0.0002373435
273   -0.0004935777
274   -0.0004935777
275   -0.0006321519
276   -0.0006321519
277   -0.0004935777
278   -0.0004935777
279   -0.0002373435
280   -0.0007738138
281   -0.0011709298
282   -0.0007738138
283   -0.0002373435
284   -0.0004935777
285   -0.0004935777
286   -0.0006321519
287   -0.0006321519
288   -0.0004935777
289   -0.0004935777
290   -0.0002373435
291   -0.0007738138
292   -0.0011709298
293   -0.0007738138
294   -0.0002373435
295   -0.0004935777
296   -0.0004935777
297   -0.0006321519
298   -0.0006321519
299   -0.0004935777
300   -0.0004935777
301   -0.0002373435
302   -0.0007738138
303   -0.0011709298
304   -0.0007738138
305   -0.0002373435
306   -0.0004935777
307   -0.0004935777
308   -0.0006321519
309   -0.0006321519
310   -0.0004935777
311   -0.0004935777
312   -0.0002373435
313   -0.0007738138
314   -0.0011709298
315   -0.0007738138
316   -0.0002373435
317   -0.0004935777
318   -0.0004935777
319   -0.0006321519
320   -0.0006321519
321   -0.0004935777
322   -0.0004935777
323   -0.0002373435
324   -0.0007738138
325   -0.0011709298
326   -0.0007738138
327   -0.0002373435
328   -0.0004935777
329   -0.0004935777
330   -0.0006321519
331   -0.0006321519
332   -0.0004935777
333   -0.0004935777
334   -0.0002373435
335   -0.0007738138
336   -0.0011709298
337   -0.0007738138
338   -0.0002373435
339   -0.0004935777
340   -0.0004935777
341   -0.0006321519
342   -0.0006321519
343   -0.0004935777
344   -0.0004935777
345   -0.0002373435
346   -0.0007738138
347   -0.0011709298
348   -0.0007738138
349   -0.0002373435
350   -0.0004935777
351   -0.0004935777
352   -0.0006321519
353   -0.0006321519
354   -0.0004935777
355   -0.0004935777
356   -0.0002373435
357   -0.0007738138
358   -0.0011709298
359   -0.0007738138
360   -0.0002373435
361   -0.0004935777
362   -0.0004935777
363   -0.0006321519
364   -0.0006321519
365   -0.0004935777
366   -0.0004935777
367   -0.0002373435
368   -0.0007738138
369   -0.0011709298
370   -0.0007738138
371   -0.0002373435
372   -0.0004935777
373   -0.0004935777
374   -0.0006321519
375   -0.0006321519
376   -0.0004935777
377   -0.0004935777
378   -0.0002373435
379   -0.0007738138
380   -0.0011709298
381   -0.0007738138
382   -0.0002373435
383   -0.0004935777
384   -0.0004935777
385   -0.0006321519
386   -0.0006321519
387   -0.0004935777
388   -0.0004935777
389   -0.0002373435
390   -0.0007738138
391   -0.0011709298
392   -0.0007738138
393   -0.0002373435
394   -0.0004935777
395   -0.0004935777
396   -0.0006321519
397   -0.0006321519
398   -0.0004935777
399   -0.0004935777
400   -0.0002373435
401   -0.0007738138
402   -0.0011709298
403   -0.0007738138
404   -0.0002373435
405   -0.0004935777
406   -0.0004935777
407   -0.0006321519
408   -0.0006321519
409   -0.0004935777
410   -0.0004935777
411   -0.0002373435
412   -0.0007738138
413   -0.0011709298
414   -0.0007738138
415   -0.0002373435
416   -0.0004935777
417   -0.0004935777
418   -0.0006321519
419   -0.0006321519
420   -0.0004935777
421   -0.0004935777
422   -0.0002373435
423   -0.0007738138
424   -0.0011709298
425   -0.0007738138
426   -0.0002373435
427   -0.0004935777
428   -0.0004935777
429   -0.0006321519
430   -0.0006321519
431   -0.0004935777
432   -0.0004935777
433   -0.0002373435
434   -0.0007738138
435   -0.0011709298
436   -0.0007738138
437   -0.0002373435
438   -0.0004935777
439   -0.0004935777
440   -0.0006321519
441   -0.0006321519
442   -0.0004935777
443   -0.0004935777
444   -0.0002373435
445   -0.0007738138
446   -0.0011709298
447   -0.0007738138
448   -0.0002373435
449   -0.0004935777
450   -0.0004935777
451   -0.0006321519
452   -0.0006321519
453   -0.0004935777
454   -0.0004935777
455   -0.0002373435
456   -0.0007738138
457   -0.0011709298
458   -0.0007738138
459   -0.0002373435
460   -0.0004935777
461   -0.0004935777
462   -0.0006321519
463   -0.0006321519
464   -0.0004935777
465   -0.0004935777
466   -0.0002373435
467   -0.0007738138
468   -0.0011709298
469   -0.0007738138
470   -0.0002373435
471   -0.0004935777
472   -0.0004935777
473   -0.0006321519
474   -0.0006321519
475   -0.0004935777
476   -0.0004935777
477   -0.0002373435
478   -0.0007738138
479   -0.0011709298
480   -0.0007738138
481   -0.0002373435
482   -0.0004935777
483   -0.0004935777
484   -0.0006321519
485   -0.0006321519
486   -0.0004935777
487   -0.0004935777
488   -0.0002373435
489   -0.0007738138
490   -0.0011709298
491   -0.0007738138
492   -0.0002373435
493   -0.0004935777
494   -0.0004935777
495   -0.0006321519
496   -0.0006321519
497   -0.0004935777
498   -0.0004935777
499   -0.0002373435
500   -0.0007738138
501   -0.0011709298
502   -0.0007738138
503   -0.0002373435
504   -0.0004935777
505   -0.0004935777
506   -0.0006321519
507   -0.0006321519
508   -0.0004935777
509   -0.0004935777
510   -0.0002373435
511   -0.0007738138
512   -0.0011709298
513   -0.0007738138
514   -0.0002373435
515   -0.0004935777
516   -0.0004935777
517   -0.0006321519
518   -0.0006321519
519   -0.0004935777
520   -0.0004935777
521   -0.0002373435
522   -0.0007738138
523   -0.0011709298
524   -0.0007738138
525   -0.0002373435
526   -0.0004935777
527   -0.0004935777
528   -0.0006321519
529   -0.0006321519
530   -0.0004935777
531   -0.0004935777
532   -0.0002373435
533   -0.0007738138
534   -0.0011709298
535   -0.0007738138
536   -0.0002373435
537   -0.0004935777
538   -0.0004935777
539   -0.0006321519
540   -0.0006321519
541   -0.0004935777
542   -0.0004935777
543   -0.0002373435
544   -0.0007738138
545   -0.0011709298
546   -0.0007738138
547   -0.0002373435
548   -0.0004935777
549   -0.0004935777
550   -0.0006321519
551   -0.0006321519
552   -0.0004935777
553   -0.0004935777
554   -0.0002373435
555   -0.0007738138
556   -0.0011709298
557   -0.0007738138
558   -0.0002373435
559   -0.0004935777
560   -0.0004935777
561   -0.0006321519
562   -0.0006321519
563   -0.0004935777
564   -0.0004935777
565   -0.0002373435
566   -0.0007738138
567   -0.0011709298
568   -0.0007738138
569   -0.0002373435
570   -0.0004935777
571   -0.0004935777
572   -0.0006321519
573   -0.0006321519
574   -0.0004935777
575   -0.0004935777
576   -0.0002373435
577   -0.0007738138
578   -0.0011709298
579   -0.0007738138
580   -0.0002373435
581   -0.0004935777
582   -0.0004935777
583   -0.0006321519
584   -0.0006321519
585   -0.0004935777
586   -0.0004935777
587   -0.0002373435
588   -0.0007738138
589   -0.0011709298
590   -0.0007738138
591   -0.0002373435
592   -0.0004935777
593   -0.0004935777
594   -0.0006321519
595   -0.0006321519
596   -0.0004935777
597   -0.0004935777
598   -0.0002373435
599   -0.0007738138
600   -0.0011709298
601   -0.0007738138
602   -0.0002373435
603   -0.0004935777
604   -0.0004935777
605   -0.0006321519
606   -0.0006321519
607   -0.0004935777
608   -0.0004935777
609   -0.0002373435
610   -0.0007738138
611   -0.0011709298
612   -0.0007738138
613   -0.0002373435
614   -0.0004935777
615   -0.0004935777
616   -0.0006321519
617   -0.0006321519
618   -0.0004935777
619   -0.0004935777
620   -0.0002373435
621   -0.0007738138
622   -0.0011709298
623   -0.0007738138
624   -0.0002373435
625   -0.0004935777
626   -0.0004935777
627   -0.0006321519
628   -0.0006321519
629   -0.0004935777
630   -0.0004935777
631   -0.0002373435
632   -0.0007738138
633   -0.0011709298
634   -0.0007738138
635   -0.0002373435
636   -0.0004935777
637   -0.0004935777
638   -0.0006321519
639   -0.0006321519
640   -0.0004935777
641   -0.0004935777
642   -0.0002373435
643   -0.0007738138
644   -0.0011709298
645   -0.0007738138
646   -0.0002373435
647   -0.0004935777
648   -0.0004935777
649   -0.0006321519
650   -0.0006321519
651   -0.0004935777
652   -0.0004935777
653   -0.0002373435
654   -0.0007738138
655   -0.0011709298
656   -0.0007738138
657   -0.0002373435
658   -0.0004935777
659   -0.0004935777
660   -0.0006321519
661   -0.0006321519
662   -0.0004935777
663   -0.0004935777
664   -0.0002373435
665   -0.0007738138
666   -0.0011709298
667   -0.0007738138
668   -0.0002373435
669   -0.0004935777
670   -0.0004935777
671   -0.0006321519
672   -0.0006321519
673   -0.0004935777
674   -0.0004935777
675   -0.0002373435
676   -0.0007738138
677   -0.0011709298
678   -0.0007738138
679   -0.0002373435
680   -0.0004935777
681   -0.0004935777
682   -0.0006321519
683   -0.0006321519
684   -0.0004935777
685   -0.0004935777
686   -0.0002373435
687   -0.0007738138
688   -0.0011709298
689   -0.0007738138
690   -0.0002373435
691   -0.0004935777
692   -0.0004935777
693   -0.0006321519
694   -0.0006321519
695   -0.0004935777
696   -0.0004935777
697   -0.0002373435
698   -0.0007738138
699   -0.0011709298
700   -0.0007738138
701   -0.0002373435
702   -0.0004935777
703   -0.0004935777
704   -0.0006321519
705   -0.0006321519
706   -0.0004935777
707   -0.0004935777
708   -0.0002373435
709   -0.0007738138
710   -0.0011709298
711   -0.0007738138
712   -0.0002373435
713   -0.0004935777
714   -0.0004935777
715   -0.0006321519
716   -0.0006321519
717   -0.0004935777
718   -0.0004935777
719   -0.0002373435
720   -0.0007738138
721   -0.0011709298
722   -0.0007738138
723   -0.0002373435
724   -0.0004935777
725   -0.0004935777
726   -0.0006321519
727   -0.0006321519
728   -0.0004935777
729   -0.0004935777
730   -0.0002373435
731   -0.0007738138
732   -0.0011709298
733   -0.0007738138
734   -0.0002373435
735   -0.0004935777
736   -0.0004935777
737   -0.0006321519
738   -0.0006321519
739   -0.0004935777
740   -0.0004935777
741   -0.0002373435
742   -0.0007738138
743   -0.0011709298
744   -0.0007738138
745   -0.0002373435
746   -0.0004935777
747   -0.0004935777
748   -0.0006321519
749   -0.0006321519
750   -0.0004935777
751   -0.0004935777
752   -0.0002373435
753   -0.0007738138
754   -0.0011709298
755   -0.0007738138
756   -0.0002373435
757   -0.0004935777
758   -0.0004935777
759   -0.0006321519
760   -0.0006321519
761   -0.0004935777
762   -0.0004935777
763   -0.0002373435
764   -0.0007738138
765   -0.0011709298
766   -0.0007738138
767   -0.0002373435
768   -0.0004935777
769   -0.0004935777
770   -0.0006321519
771   -0.0006321519
772   -0.0004935777
773   -0.0004935777
774   -0.0002373435
775   -0.0007738138
776   -0.0011709298
777   -0.0007738138
778   -0.0002373435
779   -0.0004935777
780   -0.0004935777
781   -0.0006321519
782   -0.0006321519
783   -0.0004935777
784   -0.0004935777
785   -0.0002373435
786   -0.0007738138
787   -0.0011709298
788   -0.0007738138
789   -0.0002373435
790   -0.0004935777
791   -0.0004935777
792   -0.0006321519
793   -0.0006321519
794   -0.0004935777
795   -0.0004935777
796   -0.0002373435
797   -0.0007738138
798   -0.0011709298
799   -0.0007738138
800   -0.0002373435
801   -0.0004935777
802   -0.0004935777
803   -0.0006321519
804   -0.0006321519
805   -0.0004935777
806   -0.0004935777
807   -0.0002373435
808   -0.0007738138
809   -0.0011709298
810   -0.0007738138
811   -0.0002373435
812   -0.0004935777
813   -0.0004935777
814   -0.0006321519
815   -0.0006321519
816   -0.0004935777
817   -0.0004935777
818   -0.0002373435
819   -0.0007738138
820   -0.0011709298
821   -0.0007738138
822   -0.0002373435
823   -0.0004935777
824   -0.0004935777
825   -0.0006321519
826   -0.0006321519
827   -0.0004935777
828   -0.0004935777
829   -0.0002373435
830   -0.0007738138
831   -0.0011709298
832   -0.0007738138
833   -0.0002373435
834   -0.0004935777
835   -0.0004935777
836   -0.0006321519
837   -0.0006321519
838   -0.0004935777
839   -0.0004935777
840   -0.0002373435
841   -0.0007738138
842   -0.0011709298
843   -0.0007738138
844   -0.0002373435
845   -0.0004935777
846   -0.0004935777
847   -0.0006321519
848   -0.0006321519
849   -0.0004935777
850   -0.0004935777
851   -0.0002373435
852   -0.0007738138
853   -0.0011709298
854   -0.0007738138
855   -0.0002373435
856   -0.0004935777
857   -0.0004935777
858   -0.0006321519
859   -0.0006321519
860   -0.0004935777
861   -0.0004935777
862   -0.0002373435
863   -0.0007738138
864   -0.0011709298
865   -0.0007738138
866   -0.0002373435
867   -0.0004935777
868   -0.0004935777
869   -0.0006321519
870   -0.0006321519
871   -0.0004935777
872   -0.0004935777
873   -0.0002373435
874   -0.0007738138
875   -0.0011709298
876   -0.0007738138
877   -0.0002373435
878   -0.0004935777
879   -0.0004935777
880   -0.0006321519
881   -0.0001070525
882   -0.0002373435
883   -0.0002373435
884   -0.0002373435
885   -0.0002373435
886   -0.0002373435
887   -0.0002373435
888   -0.0002373435
889   -0.0001070525
890   -0.0002373435
891   -0.0004935777
892   -0.0004935777
893   -0.0004935777
894   -0.0004935777
895   -0.0004935777
896   -0.0004935777
897   -0.0004935777
898   -0.0002373435
899   -0.0002373435
900   -0.0004935777
901   -0.0004935777
902   -0.0004935777
903   -0.0004935777
904   -0.0004935777
905   -0.0004935777
906   -0.0004935777
907   -0.0002373435
908   -0.0002373435
909   -0.0004935777
910   -0.0004935777
911   -0.0004935777
912   -0.0004935777
913   -0.0004935777
914   -0.0004935777
915   -0.0004935777
916   -0.0002373435
917   -0.0002373435
918   -0.0004935777
919   -0.0004935777
920   -0.0003653535
921   -0.0003653535
922   -0.0003653535
923   -0.0004935777
924   -0.0004935777
925   -0.0002373435
926   -0.0003653535
927   -0.0003653535
928   -0.0003653535
929   -0.0004935777
930   -0.0004935777
931   -0.0004935777
932   -0.0004935777
933   -0.0002373435
934   -0.0002373435
935   -0.0003653535
936   -0.0003653535
937   -0.0003653535
938   -0.0004935777
939   -0.0004935777
940   -0.0004935777
941   -0.0004935777
942   -0.0002373435
943   -0.0002373435
944   -0.0002373435
945   -0.0003653535
946   -0.0003653535
947   -0.0004935777
948   -0.0004935777
949   -0.0002373435
950   -0.0002373435
951   -0.0004935777
952   -0.0004935777
953   -0.0004935777
954   -0.0004935777
955   -0.0004935777
956   -0.0001070525
957   -0.0001070525
958   -0.0002373435
959   -0.0004935777
960   -0.0003653535
961   -0.0001070525
962   -0.0001070525
963   -0.0004935777
964   -0.0007738138
965   -0.0004935777
966   -0.0001070525
967   -0.0001070525
968   -0.0003653535
969   -0.0004935777
970   -0.0002373435
971   -0.0001070525
972   -0.0001070525
973   -0.0004935777
974   -0.0004935777
975   -0.0004935777
976   -0.0004935777
977   -0.0004935777
978   -0.0002373435
979   -0.0002373435
980   -0.0004935777
981   -0.0004935777
982   -0.0003653535
983   -0.0003653535
984   -0.0002373435
985   -0.0002373435
986   -0.0002373435
987   -0.0004935777
988   -0.0004935777
989   -0.0004935777
990   -0.0004935777
991   -0.0003653535
992   -0.0003653535
993   -0.0003653535
994   -0.0002373435
995   -0.0002373435
996   -0.0004935777
997   -0.0004935777
998   -0.0004935777
999   -0.0004935777
1000   -0.0003653535
1001   -0.0003653535
1002   -0.0003653535
1003   -0.0002373435
1004   -0.0004935777
1005   -0.0004935777
1006   -0.0003653535
1007   -0.0003653535
1008   -0.0003653535
1009   -0.0004935777
1010   -0.0004935777
1011   -0.0002373435
1012   -0.0003653535
1013   -0.0003653535
1014   -0.0003653535
1015   -0.0004935777
1016   -0.0004935777
1017   -0.0004935777
1018   -0.0004935777
1019   -0.0002373435
1020   -0.0002373435
1021   -0.0003653535
1022   -0.0003653535
1023   -0.0003653535
1024   -0.0004935777
1025   -0.0004935777
1026   -0.0004935777
1027   -0.0004935777
1028   -0.0002373435
1029   -0.0002373435
1030   -0.0002373435
1031   -0.0003653535
1032   -0.0003653535
1033   -0.0004935777
1034   -0.0004935777
1035   -0.0002373435
1036   -0.0002373435
1037   -0.0004935777
1038   -0.0004935777
1039   -0.0004935777
1040   -0.0004935777
1041   -0.0004935777
1042   -0.0001070525
1043   -0.0001070525
1044   -0.0002373435
1045   -0.0004935777
1046   -0.0003653535
1047   -0.0001070525
1048   -0.0001070525
1049   -0.0004935777
1050   -0.0007738138
1051   -0.0004935777
1052   -0.0001070525
1053   -0.0001070525
1054   -0.0003653535
1055   -0.0004935777
1056   -0.0002373435
1057   -0.0001070525
1058   -0.0001070525
1059   -0.0004935777
1060   -0.0004935777
1061   -0.0004935777
1062   -0.0004935777
1063   -0.0004935777
1064   -0.0002373435
1065   -0.0002373435
1066   -0.0004935777
1067   -0.0004935777
1068   -0.0003653535
1069   -0.0003653535
1070   -0.0002373435
1071   -0.0002373435
1072   -0.0002373435
1073   -0.0004935777
1074   -0.0004935777
1075   -0.0004935777
1076   -0.0004935777
1077   -0.0003653535
1078   -0.0003653535
1079   -0.0003653535
1080   -0.0002373435
1081   -0.0002373435
1082   -0.0004935777
1083   -0.0004935777
1084   -0.0004935777
1085   -0.0004935777
1086   -0.0003653535
1087   -0.0003653535
1088   -0.0003653535
1089   -0.0002373435
1090   -0.0004935777
1091   -0.0004935777
1092   -0.0003653535
1093   -0.0003653535
1094   -0.0003653535
1095   -0.0004935777
1096   -0.0004935777
1097   -0.0002373435
1098   -0.0003653535
1099   -0.0003653535
1100   -0.0003653535
1101   -0.0004935777
1102   -0.0004935777
1103   -0.0004935777
1104   -0.0004935777
1105   -0.0002373435
1106   -0.0002373435
1107   -0.0003653535
1108   -0.0003653535
1109   -0.0003653535
1110   -0.0004935777
1111   -0.0004935777
1112   -0.0004935777
1113   -0.0004935777
1114   -0.0002373435
1115   -0.0002373435
1116   -0.0002373435
1117   -0.0003653535
1118   -0.0003653535
1119   -0.0004935777
1120   -0.0004935777
1121   -0.0002373435
1122   -0.0002373435
1123   -0.0004935777
1124   -0.0004935777
1125   -0.0004935777
1126   -0.0004935777
1127   -0.0004935777
1128   -0.0001070525
1129   -0.0001070525
1130   -0.0002373435
1131   -0.0004935777
1132   -0.0003653535
1133   -0.0001070525
1134   -0.0001070525
1135   -0.0004935777
1136   -0.0007738138
1137   -0.0004935777
1138   -0.0001070525
1139   -0.0001070525
1140   -0.0003653535
1141   -0.0004935777
1142   -0.0002373435
1143   -0.0001070525
1144   -0.0001070525
1145   -0.0004935777
1146   -0.0004935777
1147   -0.0004935777
1148   -0.0004935777
1149   -0.0004935777
1150   -0.0002373435
1151   -0.0002373435
1152   -0.0004935777
1153   -0.0004935777
1154   -0.0003653535
1155   -0.0003653535
1156   -0.0002373435
1157   -0.0002373435
1158   -0.0002373435
1159   -0.0004935777
1160   -0.0004935777
1161   -0.0004935777
1162   -0.0004935777
1163   -0.0003653535
1164   -0.0003653535
1165   -0.0003653535
1166   -0.0002373435
1167   -0.0002373435
1168   -0.0004935777
1169   -0.0004935777
1170   -0.0004935777
1171   -0.0004935777
1172   -0.0003653535
1173   -0.0003653535
1174   -0.0003653535
1175   -0.0002373435
1176   -0.0004935777
1177   -0.0004935777
1178   -0.0003653535
1179   -0.0003653535
1180   -0.0003653535
1181   -0.0004935777
1182   -0.0004935777
1183   -0.0002373435
1184   -0.0003653535
1185   -0.0003653535
1186   -0.0003653535
1187   -0.0004935777
1188   -0.0004935777
1189   -0.0004935777
1190   -0.0004935777
1191   -0.0002373435
1192   -0.0002373435
1193   -0.0003653535
1194   -0.0003653535
1195   -0.0003653535
1196   -0.0004935777
1197   -0.0004935777
1198   -0.0004935777
1199   -0.0004935777
1200   -0.0002373435
1201   -0.0002373435
1202   -0.0002373435
1203   -0.0003653535
1204   -0.0003653535
1205   -0.0004935777
1206   -0.0004935777
1207   -0.0002373435
1208   -0.0002373435
1209   -0.0004935777
1210   -0.0004935777
1211   -0.0004935777
1212   -0.0004935777
1213   -0.0004935777
1214   -0.0001070525
1215   -0.0001070525
1216   -0.0002373435
1217   -0.0004935777
1218   -0.0003653535
1219   -0.0001070525
1220   -0.0001070525
1221   -0.0004935777
1222   -0.0007738138
1223   -0.0004935777
1224   -0.0001070525
1225   -0.0001070525
1226   -0.0003653535
1227   -0.0004935777
1228   -0.0002373435
1229   -0.0001070525
1230   -0.0001070525
1231   -0.0004935777
1232   -0.0004935777
1233   -0.0004935777
1234   -0.0004935777
1235   -0.0004935777
1236   -0.0002373435
1237   -0.0002373435
1238   -0.0004935777
1239   -0.0004935777
1240   -0.0003653535
1241   -0.0003653535
1242   -0.0002373435
1243   -0.0002373435
1244   -0.0002373435
1245   -0.0004935777
1246   -0.0004935777
1247   -0.0004935777
1248   -0.0004935777
1249   -0.0003653535
1250   -0.0003653535
1251   -0.0003653535
1252   -0.0002373435
1253   -0.0002373435
1254   -0.0004935777
1255   -0.0004935777
1256   -0.0004935777
1257   -0.0004935777
1258   -0.0003653535
1259   -0.0003653535
1260   -0.0003653535
1261   -0.0002373435
1262   -0.0004935777
1263   -0.0004935777
1264   -0.0003653535
1265   -0.0003653535
1266   -0.0003653535
1267   -0.0004935777
1268   -0.0004935777
1269   -0.0002373435
1270   -0.0003653535
1271   -0.0003653535
1272   -0.0003653535
1273   -0.0004935777
1274   -0.0004935777
1275   -0.0004935777
1276   -0.0004935777
1277   -0.0002373435
1278   -0.0002373435
1279   -0.0003653535
1280   -0.0003653535
1281   -0.0003653535
1282   -0.0004935777
1283   -0.0004935777
1284   -0.0004935777
1285   -0.0004935777
1286   -0.0002373435
1287   -0.0002373435
1288   -0.0002373435
1289   -0.0003653535
1290   -0.0003653535
1291   -0.0004935777
1292   -0.0004935777
1293   -0.0002373435
1294   -0.0002373435
1295   -0.0004935777
1296   -0.0004935777
1297   -0.0004935777
1298   -0.0004935777
1299   -0.0004935777
1300   -0.0001070525
1301   -0.0001070525
1302   -0.0002373435
1303   -0.0004935777
1304   -0.0003653535
1305   -0.0001070525
1306   -0.0001070525
1307   -0.0004935777
1308   -0.0007738138
1309   -0.0004935777
1310   -0.0001070525
1311   -0.0001070525
1312   -0.0003653535
1313   -0.0004935777
1314   -0.0002373435
1315   -0.0001070525
1316   -0.0001070525
1317   -0.0004935777
1318   -0.0004935777
1319   -0.0004935777
1320   -0.0004935777
1321   -0.0004935777
1322   -0.0002373435
1323   -0.0002373435
1324   -0.0004935777
1325   -0.0004935777
1326   -0.0003653535
1327   -0.0003653535
1328   -0.0002373435
1329   -0.0002373435
1330   -0.0002373435
1331   -0.0004935777
1332   -0.0004935777
1333   -0.0004935777
1334   -0.0004935777
1335   -0.0003653535
1336   -0.0003653535
1337   -0.0003653535
1338   -0.0002373435
1339   -0.0002373435
1340   -0.0004935777
1341   -0.0004935777
1342   -0.0004935777
1343   -0.0004935777
1344   -0.0003653535
1345   -0.0003653535
1346   -0.0003653535
1347   -0.0002373435
1348   -0.0004935777
1349   -0.0004935777
1350   -0.0003653535
1351   -0.0003653535
1352   -0.0003653535
1353   -0.0004935777
1354   -0.0004935777
1355   -0.0002373435
1356   -0.0003653535
1357   -0.0003653535
1358   -0.0003653535
1359   -0.0004935777
1360   -0.0004935777
1361   -0.0004935777
1362   -0.0004935777
1363   -0.0002373435
1364   -0.0002373435
1365   -0.0003653535
1366   -0.0003653535
1367   -0.0003653535
1368   -0.0004935777
1369   -0.0004935777
1370   -0.0004935777
1371   -0.0004935777
1372   -0.0002373435
1373   -0.0002373435
1374   -0.0002373435
1375   -0.0003653535
1376   -0.0003653535
1377   -0.0004935777
1378   -0.0004935777
1379   -0.0002373435
1380   -0.0002373435
1381   -0.0004935777
1382   -0.0004935777
1383   -0.0004935777
1384   -0.0004935777
1385   -0.0004935777
1386   -0.0001070525
1387   -0.0001070525
1388   -0.0002373435
1389   -0.0004935777
1390   -0.0003653535
1391   -0.0001070525
1392   -0.0001070525
1393   -0.0004935777
1394   -0.0007738138
1395   -0.0004935777
1396   -0.0001070525
1397   -0.0001070525
1398   -0.0003653535
1399   -0.0004935777
1400   -0.0002373435
1401   -0.0001070525
1402   -0.0001070525
1403   -0.0004935777
1404   -0.0004935777
1405   -0.0004935777
1406   -0.0004935777
1407   -0.0004935777
1408   -0.0002373435
1409   -0.0002373435
1410   -0.0004935777
1411   -0.0004935777
1412   -0.0003653535
1413   -0.0003653535
1414   -0.0002373435
1415   -0.0002373435
1416   -0.0002373435
1417   -0.0004935777
1418   -0.0004935777
1419   -0.0004935777
1420   -0.0004935777
1421   -0.0003653535
1422   -0.0003653535
1423   -0.0003653535
1424   -0.0002373435
1425   -0.0002373435
1426   -0.0004935777
1427   -0.0004935777
1428   -0.0004935777
1429   -0.0004935777
1430   -0.0003653535
1431   -0.0003653535
1432   -0.0003653535
1433   -0.0002373435
1434   -0.0004935777
1435   -0.0004935777
1436   -0.0003653535
1437   -0.0003653535
1438   -0.0003653535
1439   -0.0004935777
1440   -0.0004935777
1441   -0.0002373435
1442   -0.0003653535
1443   -0.0003653535
1444   -0.0003653535
1445   -0.0004935777
1446   -0.0004935777
1447   -0.0004935777
1448   -0.0004935777
1449   -0.0002373435
1450   -0.0002373435
1451   -0.0003653535
1452   -0.0003653535
1453   -0.0003653535
1454   -0.0004935777
1455   -0.0004935777
1456   -0.0004935777
1457   -0.0004935777
1458   -0.0002373435
1459   -0.0002373435
1460   -0.0002373435
1461   -0.0003653535
1462   -0.0003653535
1463   -0.0004935777
1464   -0.0004935777
1465   -0.0002373435
1466   -0.0002373435
1467   -0.0004935777
1468   -0.0004935777
1469   -0.0004935777
1470   -0.0004935777
1471   -0.0004935777
1472   -0.0001070525
1473   -0.0001070525
1474   -0.0002373435
1475   -0.0004935777
1476   -0.0003653535
1477   -0.0001070525
1478   -0.0001070525
1479   -0.0004935777
1480   -0.0007738138
1481   -0.0004935777
1482   -0.0001070525
1483   -0.0001070525
1484   -0.0003653535
1485   -0.0004935777
1486   -0.0002373435
1487   -0.0001070525
1488   -0.0001070525
1489   -0.0004935777
1490   -0.0004935777
1491   -0.0004935777
1492   -0.0004935777
1493   -0.0004935777
1494   -0.0002373435
1495   -0.0002373435
1496   -0.0004935777
1497   -0.0004935777
1498   -0.0003653535
1499   -0.0003653535
1500   -0.0002373435
1501   -0.0002373435
1502   -0.0002373435
1503   -0.0004935777
1504   -0.0004935777
1505   -0.0004935777
1506   -0.0004935777
1507   -0.0003653535
1508   -0.0003653535
1509   -0.0003653535
1510   -0.0002373435
1511   -0.0002373435
1512   -0.0004935777
1513   -0.0004935777
1514   -0.0004935777
1515   -0.0004935777
1516   -0.0003653535
1517   -0.0003653535
1518   -0.0003653535
1519   -0.0002373435
1520   -0.0004935777
1521   -0.0004935777
1522   -0.0003653535
1523   -0.0003653535
1524   -0.0003653535
1525   -0.0004935777
1526   -0.0004935777
1527   -0.0002373435
1528   -0.0003653535
1529   -0.0003653535
1530   -0.0003653535
1531   -0.0004935777
1532   -0.0004935777
1533   -0.0004935777
1534   -0.0004935777
1535   -0.0002373435
1536   -0.0002373435
1537   -0.0003653535
1538   -0.0003653535
1539   -0.0003653535
1540   -0.0004935777
1541   -0.0004935777
1542   -0.0004935777
1543   -0.0004935777
1544   -0.0002373435
1545   -0.0002373435
1546   -0.0002373435
1547   -0.0003653535
1548   -0.0003653535
1549   -0.0004935777
1550   -0.0004935777
1551   -0.0002373435
1552   -0.0002373435
1553   -0.0004935777
1554   -0.0004935777
1555   -0.0004935777
1556   -0.0004935777
1557   -0.0004935777
1558   -0.0001070525
1559   -0.0001070525
1560   -0.0002373435
1561   -0.0004935777
1562   -0.0003653535
1563   -0.0001070525
1564   -0.0001070525
1565   -0.0004935777
1566   -0.0007738138
1567   -0.0004935777
1568   -0.0001070525
1569   -0.0001070525
1570   -0.0003653535
1571   -0.0004935777
1572   -0.0002373435
1573   -0.0001070525
1574   -0.0001070525
1575   -0.0004935777
1576   -0.0004935777
1577   -0.0004935777
1578   -0.0004935777
1579   -0.0004935777
1580   -0.0002373435
1581   -0.0002373435
1582   -0.0004935777
1583   -0.0004935777
1584   -0.0003653535
1585   -0.0003653535
1586   -0.0002373435
1587   -0.0002373435
1588   -0.0002373435
1589   -0.0004935777
1590   -0.0004935777
1591   -0.0004935777
1592   -0.0004935777
1593   -0.0003653535
1594   -0.0003653535
1595   -0.0003653535
1596   -0.0002373435
1597   -0.0002373435
1598   -0.0004935777
1599   -0.0004935777
1600   -0.0004935777
1601   -0.0004935777
1602   -0.0003653535
1603   -0.0003653535
1604   -0.0003653535
1605   -0.0002373435
1606   -0.0004935777
1607   -0.0004935777
1608   -0.0003653535
1609   -0.0003653535
1610   -0.0003653535
1611   -0.0004935777
1612   -0.0004935777
1613   -0.0002373435
1614   -0.0002373435
1615   -0.0004935777
1616   -0.0004935777
1617   -0.0004935777
1618   -0.0004935777
1619   -0.0004935777
1620   -0.0004935777
1621   -0.0004935777
1622   -0.0002373435
1623   -0.0002373435
1624   -0.0004935777
1625   -0.0004935777
1626   -0.0004935777
1627   -0.0004935777
1628   -0.0004935777
1629   -0.0004935777
1630   -0.0004935777
1631   -0.0002373435
1632   -0.0002373435
1633   -0.0004935777
1634   -0.0004935777
1635   -0.0004935777
1636   -0.0004935777
1637   -0.0004935777
1638   -0.0004935777
1639   -0.0004935777
1640   -0.0002373435
1641   -0.0001070525
1642   -0.0002373435
1643   -0.0002373435
1644   -0.0002373435
1645   -0.0002373435
1646   -0.0002373435
1647   -0.0002373435
1648   -0.0002373435
1649   -0.0001070525
1650   -0.0002373435
1651   -0.0004935777
1652   -0.0004935777
1653   -0.0004935777
1654   -0.0004935777
1655   -0.0004935777
1656   -0.0004935777
1657   -0.0004935777
1658   -0.0002373435
1659   -0.0004935777
1660   -0.0010404784
1661   -0.0010404784
1662   -0.0010404784
1663   -0.0010404784
1664   -0.0010404784
1665   -0.0010404784
1666   -0.0010404784
1667   -0.0004935777
1668   -0.0004935777
1669   -0.0010404784
1670   -0.0010404784
1671   -0.0010404784
1672   -0.0010404784
1673   -0.0010404784
1674   -0.0010404784
1675   -0.0010404784
1676   -0.0004935777
1677   -0.0004935777
1678   -0.0010404784
1679   -0.0010404784
1680   -0.0010404784
1681   -0.0010404784
1682   -0.0010404784
1683   -0.0010404784
1684   -0.0010404784
1685   -0.0004935777
1686   -0.0004935777
1687   -0.0010404784
1688   -0.0009066073
1689   -0.0009066073
1690   -0.0009066073
1691   -0.0009066073
1692   -0.0009066073
1693   -0.0010404784
1694   -0.0004935777
1695   -0.0007738138
1696   -0.0009066073
1697   -0.0009066073
1698   -0.0009066073
1699   -0.0009066073
1700   -0.0010404784
1701   -0.0010404784
1702   -0.0004935777
1703   -0.0004935777
1704   -0.0007738138
1705   -0.0007738138
1706   -0.0007738138
1707   -0.0010404784
1708   -0.0010404784
1709   -0.0010404784
1710   -0.0010404784
1711   -0.0004935777
1712   -0.0004935777
1713   -0.0006321519
1714   -0.0007738138
1715   -0.0007738138
1716   -0.0011709298
1717   -0.0011709298
1718   -0.0004935777
1719   -0.0004935777
1720   -0.0010404784
1721   -0.0010404784
1722   -0.0003653535
1723   -0.0004935777
1724   -0.0004935777
1725   -0.0002373435
1726   -0.0002373435
1727   -0.0004935777
1728   -0.0010404784
1729   -0.0007738138
1730   -0.0003653535
1731   -0.0001070525
1732   -0.0001070525
1733   -0.0002373435
1734   -0.0001070525
1735   -0.0001070525
1736   -0.0003653535
1737   -0.0007738138
1738   -0.0010404784
1739   -0.0004935777
1740   -0.0002373435
1741   -0.0002373435
1742   -0.0004935777
1743   -0.0004935777
1744   -0.0003653535
1745   -0.0010404784
1746   -0.0010404784
1747   -0.0004935777
1748   -0.0004935777
1749   -0.0011709298
1750   -0.0011709298
1751   -0.0007738138
1752   -0.0007738138
1753   -0.0006321519
1754   -0.0004935777
1755   -0.0004935777
1756   -0.0010404784
1757   -0.0010404784
1758   -0.0010404784
1759   -0.0010404784
1760   -0.0007738138
1761   -0.0007738138
1762   -0.0007738138
1763   -0.0004935777
1764   -0.0004935777
1765   -0.0010404784
1766   -0.0010404784
1767   -0.0009066073
1768   -0.0009066073
1769   -0.0009066073
1770   -0.0009066073
1771   -0.0007738138
1772   -0.0004935777
1773   -0.0009066073
1774   -0.0009066073
1775   -0.0009066073
1776   -0.0007738138
1777   -0.0009066073
1778   -0.0009066073
1779   -0.0009066073
1780   -0.0004935777
1781   -0.0007738138
1782   -0.0009066073
1783   -0.0009066073
1784   -0.0009066073
1785   -0.0009066073
1786   -0.0010404784
1787   -0.0010404784
1788   -0.0004935777
1789   -0.0004935777
1790   -0.0007738138
1791   -0.0007738138
1792   -0.0007738138
1793   -0.0010404784
1794   -0.0010404784
1795   -0.0010404784
1796   -0.0010404784
1797   -0.0004935777
1798   -0.0004935777
1799   -0.0006321519
1800   -0.0007738138
1801   -0.0007738138
1802   -0.0011709298
1803   -0.0011709298
1804   -0.0004935777
1805   -0.0004935777
1806   -0.0010404784
1807   -0.0010404784
1808   -0.0003653535
1809   -0.0004935777
1810   -0.0004935777
1811   -0.0002373435
1812   -0.0002373435
1813   -0.0004935777
1814   -0.0010404784
1815   -0.0007738138
1816   -0.0003653535
1817   -0.0001070525
1818   -0.0001070525
1819   -0.0002373435
1820   -0.0001070525
1821   -0.0001070525
1822   -0.0003653535
1823   -0.0007738138
1824   -0.0010404784
1825   -0.0004935777
1826   -0.0002373435
1827   -0.0002373435
1828   -0.0004935777
1829   -0.0004935777
1830   -0.0003653535
1831   -0.0010404784
1832   -0.0010404784
1833   -0.0004935777
1834   -0.0004935777
1835   -0.0011709298
1836   -0.0011709298
1837   -0.0007738138
1838   -0.0007738138
1839   -0.0006321519
1840   -0.0004935777
1841   -0.0004935777
1842   -0.0010404784
1843   -0.0010404784
1844   -0.0010404784
1845   -0.0010404784
1846   -0.0007738138
1847   -0.0007738138
1848   -0.0007738138
1849   -0.0004935777
1850   -0.0004935777
1851   -0.0010404784
1852   -0.0010404784
1853   -0.0009066073
1854   -0.0009066073
1855   -0.0009066073
1856   -0.0009066073
1857   -0.0007738138
1858   -0.0004935777
1859   -0.0009066073
1860   -0.0009066073
1861   -0.0009066073
1862   -0.0007738138
1863   -0.0009066073
1864   -0.0009066073
1865   -0.0009066073
1866   -0.0004935777
1867   -0.0007738138
1868   -0.0009066073
1869   -0.0009066073
1870   -0.0009066073
1871   -0.0009066073
1872   -0.0010404784
1873   -0.0010404784
1874   -0.0004935777
1875   -0.0004935777
1876   -0.0007738138
1877   -0.0007738138
1878   -0.0007738138
1879   -0.0010404784
1880   -0.0010404784
1881   -0.0010404784
1882   -0.0010404784
1883   -0.0004935777
1884   -0.0004935777
1885   -0.0006321519
1886   -0.0007738138
1887   -0.0007738138
1888   -0.0011709298
1889   -0.0011709298
1890   -0.0004935777
1891   -0.0004935777
1892   -0.0010404784
1893   -0.0010404784
1894   -0.0003653535
1895   -0.0004935777
1896   -0.0004935777
1897   -0.0002373435
1898   -0.0002373435
1899   -0.0004935777
1900   -0.0010404784
1901   -0.0007738138
1902   -0.0003653535
1903   -0.0001070525
1904   -0.0001070525
1905   -0.0002373435
1906   -0.0001070525
1907   -0.0001070525
1908   -0.0003653535
1909   -0.0007738138
1910   -0.0010404784
1911   -0.0004935777
1912   -0.0002373435
1913   -0.0002373435
1914   -0.0004935777
1915   -0.0004935777
1916   -0.0003653535
1917   -0.0010404784
1918   -0.0010404784
1919   -0.0004935777
1920   -0.0004935777
1921   -0.0011709298
1922   -0.0011709298
1923   -0.0007738138
1924   -0.0007738138
1925   -0.0006321519
1926   -0.0004935777
1927   -0.0004935777
1928   -0.0010404784
1929   -0.0010404784
1930   -0.0010404784
1931   -0.0010404784
1932   -0.0007738138
1933   -0.0007738138
1934   -0.0007738138
1935   -0.0004935777
1936   -0.0004935777
1937   -0.0010404784
1938   -0.0010404784
1939   -0.0009066073
1940   -0.0009066073
1941   -0.0009066073
1942   -0.0009066073
1943   -0.0007738138
1944   -0.0004935777
1945   -0.0009066073
1946   -0.0009066073
1947   -0.0009066073
1948   -0.0007738138
1949   -0.0009066073
1950   -0.0009066073
1951   -0.0009066073
1952   -0.0004935777
1953   -0.0007738138
1954   -0.0009066073
1955   -0.0009066073
1956   -0.0009066073
1957   -0.0009066073
1958   -0.0010404784
1959   -0.0010404784
1960   -0.0004935777
1961   -0.0004935777
1962   -0.0007738138
1963   -0.0007738138
1964   -0.0007738138
1965   -0.0010404784
1966   -0.0010404784
1967   -0.0010404784
1968   -0.0010404784
1969   -0.0004935777
1970   -0.0004935777
1971   -0.0006321519
1972   -0.0007738138
1973   -0.0007738138
1974   -0.0011709298
1975   -0.0011709298
1976   -0.0004935777
1977   -0.0004935777
1978   -0.0010404784
1979   -0.0010404784
1980   -0.0003653535
1981   -0.0004935777
1982   -0.0004935777
1983   -0.0002373435
1984   -0.0002373435
1985   -0.0004935777
1986   -0.0010404784
1987   -0.0007738138
1988   -0.0003653535
1989   -0.0001070525
1990   -0.0001070525
1991   -0.0002373435
1992   -0.0001070525
1993   -0.0001070525
1994   -0.0003653535
1995   -0.0007738138
1996   -0.0010404784
1997   -0.0004935777
1998   -0.0002373435
1999   -0.0002373435
2000   -0.0004935777
2001   -0.0004935777
2002   -0.0003653535
2003   -0.0010404784
2004   -0.0010404784
2005   -0.0004935777
2006   -0.0004935777
2007   -0.0011709298
2008   -0.0011709298
2009   -0.0007738138
2010   -0.0007738138
2011   -0.0006321519
2012   -0.0004935777
2013   -0.0004935777
2014   -0.0010404784
2015   -0.0010404784
2016   -0.0010404784
2017   -0.0010404784
2018   -0.0007738138
2019   -0.0007738138
2020   -0.0007738138
2021   -0.0004935777
2022   -0.0004935777
2023   -0.0010404784
2024   -0.0010404784
2025   -0.0009066073
2026   -0.0009066073
2027   -0.0009066073
2028   -0.0009066073
2029   -0.0007738138
2030   -0.0004935777
2031   -0.0009066073
2032   -0.0009066073
2033   -0.0009066073
2034   -0.0007738138
2035   -0.0009066073
2036   -0.0009066073
2037   -0.0009066073
2038   -0.0004935777
2039   -0.0007738138
2040   -0.0009066073
2041   -0.0009066073
2042   -0.0009066073
2043   -0.0009066073
2044   -0.0010404784
2045   -0.0010404784
2046   -0.0004935777
2047   -0.0004935777
2048   -0.0007738138
2049   -0.0007738138
2050   -0.0007738138
2051   -0.0010404784
2052   -0.0010404784
2053   -0.0010404784
2054   -0.0010404784
2055   -0.0004935777
2056   -0.0004935777
2057   -0.0006321519
2058   -0.0007738138
2059   -0.0007738138
2060   -0.0011709298
2061   -0.0011709298
2062   -0.0004935777
2063   -0.0004935777
2064   -0.0010404784
2065   -0.0010404784
2066   -0.0003653535
2067   -0.0004935777
2068   -0.0004935777
2069   -0.0002373435
2070   -0.0002373435
2071   -0.0004935777
2072   -0.0010404784
2073   -0.0007738138
2074   -0.0003653535
2075   -0.0001070525
2076   -0.0001070525
2077   -0.0002373435
2078   -0.0001070525
2079   -0.0001070525
2080   -0.0003653535
2081   -0.0007738138
2082   -0.0010404784
2083   -0.0004935777
2084   -0.0002373435
2085   -0.0002373435
2086   -0.0004935777
2087   -0.0004935777
2088   -0.0003653535
2089   -0.0010404784
2090   -0.0010404784
2091   -0.0004935777
2092   -0.0004935777
2093   -0.0011709298
2094   -0.0011709298
2095   -0.0007738138
2096   -0.0007738138
2097   -0.0006321519
2098   -0.0004935777
2099   -0.0004935777
2100   -0.0010404784
2101   -0.0010404784
2102   -0.0010404784
2103   -0.0010404784
2104   -0.0007738138
2105   -0.0007738138
2106   -0.0007738138
2107   -0.0004935777
2108   -0.0004935777
2109   -0.0010404784
2110   -0.0010404784
2111   -0.0009066073
2112   -0.0009066073
2113   -0.0009066073
2114   -0.0009066073
2115   -0.0007738138
2116   -0.0004935777
2117   -0.0009066073
2118   -0.0009066073
2119   -0.0009066073
2120   -0.0007738138
2121   -0.0009066073
2122   -0.0009066073
2123   -0.0009066073
2124   -0.0004935777
2125   -0.0007738138
2126   -0.0009066073
2127   -0.0009066073
2128   -0.0009066073
2129   -0.0009066073
2130   -0.0010404784
2131   -0.0010404784
2132   -0.0004935777
2133   -0.0004935777
2134   -0.0007738138
2135   -0.0007738138
2136   -0.0007738138
2137   -0.0010404784
2138   -0.0010404784
2139   -0.0010404784
2140   -0.0010404784
2141   -0.0004935777
2142   -0.0004935777
2143   -0.0006321519
2144   -0.0007738138
2145   -0.0007738138
2146   -0.0011709298
2147   -0.0011709298
2148   -0.0004935777
2149   -0.0004935777
2150   -0.0010404784
2151   -0.0010404784
2152   -0.0003653535
2153   -0.0004935777
2154   -0.0004935777
2155   -0.0002373435
2156   -0.0002373435
2157   -0.0004935777
2158   -0.0010404784
2159   -0.0007738138
2160   -0.0003653535
2161   -0.0001070525
2162   -0.0001070525
2163   -0.0002373435
2164   -0.0001070525
2165   -0.0001070525
2166   -0.0003653535
2167   -0.0007738138
2168   -0.0010404784
2169   -0.0004935777
2170   -0.0002373435
2171   -0.0002373435
2172   -0.0004935777
2173   -0.0004935777
2174   -0.0003653535
2175   -0.0010404784
2176   -0.0010404784
2177   -0.0004935777
2178   -0.0004935777
2179   -0.0011709298
2180   -0.0011709298
2181   -0.0007738138
2182   -0.0007738138
2183   -0.0006321519
2184   -0.0004935777
2185   -0.0004935777
2186   -0.0010404784
2187   -0.0010404784
2188   -0.0010404784
2189   -0.0010404784
2190   -0.0007738138
2191   -0.0007738138
2192   -0.0007738138
2193   -0.0004935777
2194   -0.0004935777
2195   -0.0010404784
2196   -0.0010404784
2197   -0.0009066073
2198   -0.0009066073
2199   -0.0009066073
2200   -0.0009066073
2201   -0.0007738138
2202   -0.0004935777
2203   -0.0009066073
2204   -0.0009066073
2205   -0.0009066073
2206   -0.0007738138
2207   -0.0009066073
2208   -0.0009066073
2209   -0.0009066073
2210   -0.0004935777
2211   -0.0007738138
2212   -0.0009066073
2213   -0.0009066073
2214   -0.0009066073
2215   -0.0009066073
2216   -0.0010404784
2217   -0.0010404784
2218   -0.0004935777
2219   -0.0004935777
2220   -0.0007738138
2221   -0.0007738138
2222   -0.0007738138
2223   -0.0010404784
2224   -0.0010404784
2225   -0.0010404784
2226   -0.0010404784
2227   -0.0004935777
2228   -0.0004935777
2229   -0.0006321519
2230   -0.0007738138
2231   -0.0007738138
2232   -0.0011709298
2233   -0.0011709298
2234   -0.0004935777
2235   -0.0004935777
2236   -0.0010404784
2237   -0.0010404784
2238   -0.0003653535
2239   -0.0004935777
2240   -0.0004935777
2241   -0.0002373435
2242   -0.0002373435
2243   -0.0004935777
2244   -0.0010404784
2245   -0.0007738138
2246   -0.0003653535
2247   -0.0001070525
2248   -0.0001070525
2249   -0.0002373435
2250   -0.0001070525
2251   -0.0001070525
2252   -0.0003653535
2253   -0.0007738138
2254   -0.0010404784
2255   -0.0004935777
2256   -0.0002373435
2257   -0.0002373435
2258   -0.0004935777
2259   -0.0004935777
2260   -0.0003653535
2261   -0.0010404784
2262   -0.0010404784
2263   -0.0004935777
2264   -0.0004935777
2265   -0.0011709298
2266   -0.0011709298
2267   -0.0007738138
2268   -0.0007738138
2269   -0.0006321519
2270   -0.0004935777
2271   -0.0004935777
2272   -0.0010404784
2273   -0.0010404784
2274   -0.0010404784
2275   -0.0010404784
2276   -0.0007738138
2277   -0.0007738138
2278   -0.0007738138
2279   -0.0004935777
2280   -0.0004935777
2281   -0.0010404784
2282   -0.0010404784
2283   -0.0009066073
2284   -0.0009066073
2285   -0.0009066073
2286   -0.0009066073
2287   -0.0007738138
2288   -0.0004935777
2289   -0.0009066073
2290   -0.0009066073
2291   -0.0009066073
2292   -0.0007738138
2293   -0.0009066073
2294   -0.0009066073
2295   -0.0009066073
2296   -0.0004935777
2297   -0.0007738138
2298   -0.0009066073
2299   -0.0009066073
2300   -0.0009066073
2301   -0.0009066073
2302   -0.0010404784
2303   -0.0010404784
2304   -0.0004935777
2305   -0.0004935777
2306   -0.0007738138
2307   -0.0007738138
2308   -0.0007738138
2309   -0.0010404784
2310   -0.0010404784
2311   -0.0010404784
2312   -0.0010404784
2313   -0.0004935777
2314   -0.0004935777
2315   -0.0006321519
2316   -0.0007738138
2317   -0.0007738138
2318   -0.0011709298
2319   -0.0011709298
2320   -0.0004935777
2321   -0.0004935777
2322   -0.0010404784
2323   -0.0010404784
2324   -0.0003653535
2325   -0.0004935777
2326   -0.0004935777
2327   -0.0002373435
2328   -0.0002373435
2329   -0.0004935777
2330   -0.0010404784
2331   -0.0007738138
2332   -0.0003653535
2333   -0.0001070525
2334   -0.0001070525
2335   -0.0002373435
2336   -0.0001070525
2337   -0.0001070525
2338   -0.0003653535
2339   -0.0007738138
2340   -0.0010404784
2341   -0.0004935777
2342   -0.0002373435
2343   -0.0002373435
2344   -0.0004935777
2345   -0.0004935777
2346   -0.0003653535
2347   -0.0010404784
2348   -0.0010404784
2349   -0.0004935777
2350   -0.0004935777
2351   -0.0011709298
2352   -0.0011709298
2353   -0.0007738138
2354   -0.0007738138
2355   -0.0006321519
2356   -0.0004935777
2357   -0.0004935777
2358   -0.0010404784
2359   -0.0010404784
2360   -0.0010404784
2361   -0.0010404784
2362   -0.0007738138
2363   -0.0007738138
2364   -0.0007738138
2365   -0.0004935777
2366   -0.0004935777
2367   -0.0010404784
2368   -0.0010404784
2369   -0.0009066073
2370   -0.0009066073
2371   -0.0009066073
2372   -0.0009066073
2373   -0.0007738138
2374   -0.0004935777
2375   -0.0010404784
2376   -0.0009066073
2377   -0.0009066073
2378   -0.0009066073
2379   -0.0009066073
2380   -0.0009066073
2381   -0.0010404784
2382   -0.0004935777
2383   -0.0004935777
2384   -0.0010404784
2385   -0.0010404784
2386   -0.0010404784
2387   -0.0010404784
2388   -0.0010404784
2389   -0.0010404784
2390   -0.0010404784
2391   -0.0004935777
2392   -0.0004935777
2393   -0.0010404784
2394   -0.0010404784
2395   -0.0010404784
2396   -0.0010404784
2397   -0.0010404784
2398   -0.0010404784
2399   -0.0010404784
2400   -0.0004935777
2401   -0.0004935777
2402   -0.0010404784
2403   -0.0010404784
2404   -0.0010404784
2405   -0.0010404784
2406   -0.0010404784
2407   -0.0010404784
2408   -0.0010404784
2409   -0.0004935777
2410   -0.0002373435
2411   -0.0004935777
2412   -0.0004935777
2413   -0.0004935777
2414   -0.0004935777
2415   -0.0004935777
2416   -0.0004935777
2417   -0.0004935777
2418   -0.0002373435
2419   -0.0001070525
2420   -0.0002373435
2421   -0.0002373435
2422   -0.0002373435
2423   -0.0002373435
2424   -0.0002373435
2425   -0.0002373435
2426   -0.0002373435
2427   -0.0001070525
2428   -0.0002373435
2429   -0.0004935777
2430   -0.0004935777
2431   -0.0004935777
2432   -0.0004935777
2433   -0.0004935777
2434   -0.0004935777
2435   -0.0004935777
2436   -0.0002373435
2437   -0.0002373435
2438   -0.0004935777
2439   -0.0004935777
2440   -0.0004935777
2441   -0.0004935777
2442   -0.0004935777
2443   -0.0004935777
2444   -0.0004935777
2445   -0.0002373435
2446   -0.0002373435
2447   -0.0004935777
2448   -0.0004935777
2449   -0.0004935777
2450   -0.0004935777
2451   -0.0004935777
2452   -0.0004935777
2453   -0.0004935777
2454   -0.0002373435
2455   -0.0002373435
2456   -0.0004935777
2457   -0.0004935777
2458   -0.0003653535
2459   -0.0003653535
2460   -0.0003653535
2461   -0.0004935777
2462   -0.0004935777
2463   -0.0002373435
2464   -0.0003653535
2465   -0.0003653535
2466   -0.0003653535
2467   -0.0004935777
2468   -0.0004935777
2469   -0.0004935777
2470   -0.0004935777
2471   -0.0002373435
2472   -0.0002373435
2473   -0.0003653535
2474   -0.0003653535
2475   -0.0003653535
2476   -0.0004935777
2477   -0.0004935777
2478   -0.0004935777
2479   -0.0004935777
2480   -0.0002373435
2481   -0.0002373435
2482   -0.0002373435
2483   -0.0003653535
2484   -0.0003653535
2485   -0.0004935777
2486   -0.0004935777
2487   -0.0002373435
2488   -0.0002373435
2489   -0.0004935777
2490   -0.0004935777
2491   -0.0002373435
2492   -0.0002373435
2493   -0.0002373435
2494   -0.0001070525
2495   -0.0001070525
2496   -0.0002373435
2497   -0.0004935777
2498   -0.0003653535
2499   -0.0001070525
2500   -0.0001070525
2501   -0.0001070525
2502   -0.0001070525
2503   -0.0001070525
2504   -0.0001070525
2505   -0.0001070525
2506   -0.0003653535
2507   -0.0004935777
2508   -0.0002373435
2509   -0.0001070525
2510   -0.0001070525
2511   -0.0002373435
2512   -0.0002373435
2513   -0.0002373435
2514   -0.0004935777
2515   -0.0004935777
2516   -0.0002373435
2517   -0.0002373435
2518   -0.0004935777
2519   -0.0004935777
2520   -0.0003653535
2521   -0.0003653535
2522   -0.0002373435
2523   -0.0002373435
2524   -0.0002373435
2525   -0.0004935777
2526   -0.0004935777
2527   -0.0004935777
2528   -0.0004935777
2529   -0.0003653535
2530   -0.0003653535
2531   -0.0003653535
2532   -0.0002373435
2533   -0.0002373435
2534   -0.0004935777
2535   -0.0004935777
2536   -0.0004935777
2537   -0.0004935777
2538   -0.0003653535
2539   -0.0003653535
2540   -0.0003653535
2541   -0.0002373435
2542   -0.0004935777
2543   -0.0004935777
2544   -0.0003653535
2545   -0.0003653535
2546   -0.0003653535
2547   -0.0004935777
2548   -0.0004935777
2549   -0.0002373435
2550   -0.0003653535
2551   -0.0003653535
2552   -0.0003653535
2553   -0.0004935777
2554   -0.0004935777
2555   -0.0004935777
2556   -0.0004935777
2557   -0.0002373435
2558   -0.0002373435
2559   -0.0003653535
2560   -0.0003653535
2561   -0.0003653535
2562   -0.0004935777
2563   -0.0004935777
2564   -0.0004935777
2565   -0.0004935777
2566   -0.0002373435
2567   -0.0002373435
2568   -0.0002373435
2569   -0.0003653535
2570   -0.0003653535
2571   -0.0004935777
2572   -0.0004935777
2573   -0.0002373435
2574   -0.0002373435
2575   -0.0004935777
2576   -0.0004935777
2577   -0.0002373435
2578   -0.0002373435
2579   -0.0002373435
2580   -0.0001070525
2581   -0.0001070525
2582   -0.0002373435
2583   -0.0004935777
2584   -0.0003653535
2585   -0.0001070525
2586   -0.0001070525
2587   -0.0001070525
2588   -0.0001070525
2589   -0.0001070525
2590   -0.0001070525
2591   -0.0001070525
2592   -0.0003653535
2593   -0.0004935777
2594   -0.0002373435
2595   -0.0001070525
2596   -0.0001070525
2597   -0.0002373435
2598   -0.0002373435
2599   -0.0002373435
2600   -0.0004935777
2601   -0.0004935777
2602   -0.0002373435
2603   -0.0002373435
2604   -0.0004935777
2605   -0.0004935777
2606   -0.0003653535
2607   -0.0003653535
2608   -0.0002373435
2609   -0.0002373435
2610   -0.0002373435
2611   -0.0004935777
2612   -0.0004935777
2613   -0.0004935777
2614   -0.0004935777
2615   -0.0003653535
2616   -0.0003653535
2617   -0.0003653535
2618   -0.0002373435
2619   -0.0002373435
2620   -0.0004935777
2621   -0.0004935777
2622   -0.0004935777
2623   -0.0004935777
2624   -0.0003653535
2625   -0.0003653535
2626   -0.0003653535
2627   -0.0002373435
2628   -0.0004935777
2629   -0.0004935777
2630   -0.0003653535
2631   -0.0003653535
2632   -0.0003653535
2633   -0.0004935777
2634   -0.0004935777
2635   -0.0002373435
2636   -0.0003653535
2637   -0.0003653535
2638   -0.0003653535
2639   -0.0004935777
2640   -0.0004935777
2641   -0.0004935777
2642   -0.0004935777
2643   -0.0002373435
2644   -0.0002373435
2645   -0.0003653535
2646   -0.0003653535
2647   -0.0003653535
2648   -0.0004935777
2649   -0.0004935777
2650   -0.0004935777
2651   -0.0004935777
2652   -0.0002373435
2653   -0.0002373435
2654   -0.0002373435
2655   -0.0003653535
2656   -0.0003653535
2657   -0.0004935777
2658   -0.0004935777
2659   -0.0002373435
2660   -0.0002373435
2661   -0.0004935777
2662   -0.0004935777
2663   -0.0002373435
2664   -0.0002373435
2665   -0.0002373435
2666   -0.0001070525
2667   -0.0001070525
2668   -0.0002373435
2669   -0.0004935777
2670   -0.0003653535
2671   -0.0001070525
2672   -0.0001070525
2673   -0.0001070525
2674   -0.0001070525
2675   -0.0001070525
2676   -0.0001070525
2677   -0.0001070525
2678   -0.0003653535
2679   -0.0004935777
2680   -0.0002373435
2681   -0.0001070525
2682   -0.0001070525
2683   -0.0002373435
2684   -0.0002373435
2685   -0.0002373435
2686   -0.0004935777
2687   -0.0004935777
2688   -0.0002373435
2689   -0.0002373435
2690   -0.0004935777
2691   -0.0004935777
2692   -0.0003653535
2693   -0.0003653535
2694   -0.0002373435
2695   -0.0002373435
2696   -0.0002373435
2697   -0.0004935777
2698   -0.0004935777
2699   -0.0004935777
2700   -0.0004935777
2701   -0.0003653535
2702   -0.0003653535
2703   -0.0003653535
2704   -0.0002373435
2705   -0.0002373435
2706   -0.0004935777
2707   -0.0004935777
2708   -0.0004935777
2709   -0.0004935777
2710   -0.0003653535
2711   -0.0003653535
2712   -0.0003653535
2713   -0.0002373435
2714   -0.0004935777
2715   -0.0004935777
2716   -0.0003653535
2717   -0.0003653535
2718   -0.0003653535
2719   -0.0004935777
2720   -0.0004935777
2721   -0.0002373435
2722   -0.0003653535
2723   -0.0003653535
2724   -0.0003653535
2725   -0.0004935777
2726   -0.0004935777
2727   -0.0004935777
2728   -0.0004935777
2729   -0.0002373435
2730   -0.0002373435
2731   -0.0003653535
2732   -0.0003653535
2733   -0.0003653535
2734   -0.0004935777
2735   -0.0004935777
2736   -0.0004935777
2737   -0.0004935777
2738   -0.0002373435
2739   -0.0002373435
2740   -0.0002373435
2741   -0.0003653535
2742   -0.0003653535
2743   -0.0004935777
2744   -0.0004935777
2745   -0.0002373435
2746   -0.0002373435
2747   -0.0004935777
2748   -0.0004935777
2749   -0.0002373435
2750   -0.0002373435
2751   -0.0002373435
2752   -0.0001070525
2753   -0.0001070525
2754   -0.0002373435
2755   -0.0004935777
2756   -0.0003653535
2757   -0.0001070525
2758   -0.0001070525
2759   -0.0001070525
2760   -0.0001070525
2761   -0.0001070525
2762   -0.0001070525
2763   -0.0001070525
2764   -0.0003653535
2765   -0.0004935777
2766   -0.0002373435
2767   -0.0001070525
2768   -0.0001070525
2769   -0.0002373435
2770   -0.0002373435
2771   -0.0002373435
2772   -0.0004935777
2773   -0.0004935777
2774   -0.0002373435
2775   -0.0002373435
2776   -0.0004935777
2777   -0.0004935777
2778   -0.0003653535
2779   -0.0003653535
2780   -0.0002373435
2781   -0.0002373435
2782   -0.0002373435
2783   -0.0004935777
2784   -0.0004935777
2785   -0.0004935777
2786   -0.0004935777
2787   -0.0003653535
2788   -0.0003653535
2789   -0.0003653535
2790   -0.0002373435
2791   -0.0002373435
2792   -0.0004935777
2793   -0.0004935777
2794   -0.0004935777
2795   -0.0004935777
2796   -0.0003653535
2797   -0.0003653535
2798   -0.0003653535
2799   -0.0002373435
2800   -0.0004935777
2801   -0.0004935777
2802   -0.0003653535
2803   -0.0003653535
2804   -0.0003653535
2805   -0.0004935777
2806   -0.0004935777
2807   -0.0002373435
2808   -0.0003653535
2809   -0.0003653535
2810   -0.0003653535
2811   -0.0004935777
2812   -0.0004935777
2813   -0.0004935777
2814   -0.0004935777
2815   -0.0002373435
2816   -0.0002373435
2817   -0.0003653535
2818   -0.0003653535
2819   -0.0003653535
2820   -0.0004935777
2821   -0.0004935777
2822   -0.0004935777
2823   -0.0004935777
2824   -0.0002373435
2825   -0.0002373435
2826   -0.0002373435
2827   -0.0003653535
2828   -0.0003653535
2829   -0.0004935777
2830   -0.0004935777
2831   -0.0002373435
2832   -0.0002373435
2833   -0.0004935777
2834   -0.0004935777
2835   -0.0002373435
2836   -0.0002373435
2837   -0.0002373435
2838   -0.0001070525
2839   -0.0001070525
2840   -0.0002373435
2841   -0.0004935777
2842   -0.0003653535
2843   -0.0001070525
2844   -0.0001070525
2845   -0.0001070525
2846   -0.0001070525
2847   -0.0001070525
2848   -0.0001070525
2849   -0.0001070525
2850   -0.0003653535
2851   -0.0004935777
2852   -0.0002373435
2853   -0.0001070525
2854   -0.0001070525
2855   -0.0002373435
2856   -0.0002373435
2857   -0.0002373435
2858   -0.0004935777
2859   -0.0004935777
2860   -0.0002373435
2861   -0.0002373435
2862   -0.0004935777
2863   -0.0004935777
2864   -0.0003653535
2865   -0.0003653535
2866   -0.0002373435
2867   -0.0002373435
2868   -0.0002373435
2869   -0.0004935777
2870   -0.0004935777
2871   -0.0004935777
2872   -0.0004935777
2873   -0.0003653535
2874   -0.0003653535
2875   -0.0003653535
2876   -0.0002373435
2877   -0.0002373435
2878   -0.0004935777
2879   -0.0004935777
2880   -0.0004935777
2881   -0.0004935777
2882   -0.0003653535
2883   -0.0003653535
2884   -0.0003653535
2885   -0.0002373435
2886   -0.0004935777
2887   -0.0004935777
2888   -0.0003653535
2889   -0.0003653535
2890   -0.0003653535
2891   -0.0004935777
2892   -0.0004935777
2893   -0.0002373435
2894   -0.0003653535
2895   -0.0003653535
2896   -0.0003653535
2897   -0.0004935777
2898   -0.0004935777
2899   -0.0004935777
2900   -0.0004935777
2901   -0.0002373435
2902   -0.0002373435
2903   -0.0003653535
2904   -0.0003653535
2905   -0.0003653535
2906   -0.0004935777
2907   -0.0004935777
2908   -0.0004935777
2909   -0.0004935777
2910   -0.0002373435
2911   -0.0002373435
2912   -0.0002373435
2913   -0.0003653535
2914   -0.0003653535
2915   -0.0004935777
2916   -0.0004935777
2917   -0.0002373435
2918   -0.0002373435
2919   -0.0004935777
2920   -0.0004935777
2921   -0.0002373435
2922   -0.0002373435
2923   -0.0002373435
2924   -0.0001070525
2925   -0.0001070525
2926   -0.0002373435
2927   -0.0004935777
2928   -0.0003653535
2929   -0.0001070525
2930   -0.0001070525
2931   -0.0001070525
2932   -0.0001070525
2933   -0.0001070525
2934   -0.0001070525
2935   -0.0001070525
2936   -0.0003653535
2937   -0.0004935777
2938   -0.0002373435
2939   -0.0001070525
2940   -0.0001070525
2941   -0.0002373435
2942   -0.0002373435
2943   -0.0002373435
2944   -0.0004935777
2945   -0.0004935777
2946   -0.0002373435
2947   -0.0002373435
2948   -0.0004935777
2949   -0.0004935777
2950   -0.0003653535
2951   -0.0003653535
2952   -0.0002373435
2953   -0.0002373435
2954   -0.0002373435
2955   -0.0004935777
2956   -0.0004935777
2957   -0.0004935777
2958   -0.0004935777
2959   -0.0003653535
2960   -0.0003653535
2961   -0.0003653535
2962   -0.0002373435
2963   -0.0002373435
2964   -0.0004935777
2965   -0.0004935777
2966   -0.0004935777
2967   -0.0004935777
2968   -0.0003653535
2969   -0.0003653535
2970   -0.0003653535
2971   -0.0002373435
2972   -0.0004935777
2973   -0.0004935777
2974   -0.0003653535
2975   -0.0003653535
2976   -0.0003653535
2977   -0.0004935777
2978   -0.0004935777
2979   -0.0002373435
2980   -0.0003653535
2981   -0.0003653535
2982   -0.0003653535
2983   -0.0004935777
2984   -0.0004935777
2985   -0.0004935777
2986   -0.0004935777
2987   -0.0002373435
2988   -0.0002373435
2989   -0.0003653535
2990   -0.0003653535
2991   -0.0003653535
2992   -0.0004935777
2993   -0.0004935777
2994   -0.0004935777
2995   -0.0004935777
2996   -0.0002373435
2997   -0.0002373435
2998   -0.0002373435
2999   -0.0003653535
3000   -0.0003653535
3001   -0.0004935777
3002   -0.0004935777
3003   -0.0002373435
3004   -0.0002373435
3005   -0.0004935777
3006   -0.0004935777
3007   -0.0002373435
3008   -0.0002373435
3009   -0.0002373435
3010   -0.0001070525
3011   -0.0001070525
3012   -0.0002373435
3013   -0.0004935777
3014   -0.0003653535
3015   -0.0001070525
3016   -0.0001070525
3017   -0.0001070525
3018   -0.0001070525
3019   -0.0001070525
3020   -0.0001070525
3021   -0.0001070525
3022   -0.0003653535
3023   -0.0004935777
3024   -0.0002373435
3025   -0.0001070525
3026   -0.0001070525
3027   -0.0002373435
3028   -0.0002373435
3029   -0.0002373435
3030   -0.0004935777
3031   -0.0004935777
3032   -0.0002373435
3033   -0.0002373435
3034   -0.0004935777
3035   -0.0004935777
3036   -0.0003653535
3037   -0.0003653535
3038   -0.0002373435
3039   -0.0002373435
3040   -0.0002373435
3041   -0.0004935777
3042   -0.0004935777
3043   -0.0004935777
3044   -0.0004935777
3045   -0.0003653535
3046   -0.0003653535
3047   -0.0003653535
3048   -0.0002373435
3049   -0.0002373435
3050   -0.0004935777
3051   -0.0004935777
3052   -0.0004935777
3053   -0.0004935777
3054   -0.0003653535
3055   -0.0003653535
3056   -0.0003653535
3057   -0.0002373435
3058   -0.0004935777
3059   -0.0004935777
3060   -0.0003653535
3061   -0.0003653535
3062   -0.0003653535
3063   -0.0004935777
3064   -0.0004935777
3065   -0.0002373435
3066   -0.0003653535
3067   -0.0003653535
3068   -0.0003653535
3069   -0.0004935777
3070   -0.0004935777
3071   -0.0004935777
3072   -0.0004935777
3073   -0.0002373435
3074   -0.0002373435
3075   -0.0003653535
3076   -0.0003653535
3077   -0.0003653535
3078   -0.0004935777
3079   -0.0004935777
3080   -0.0004935777
3081   -0.0004935777
3082   -0.0002373435
3083   -0.0002373435
3084   -0.0002373435
3085   -0.0003653535
3086   -0.0003653535
3087   -0.0004935777
3088   -0.0004935777
3089   -0.0002373435
3090   -0.0002373435
3091   -0.0004935777
3092   -0.0004935777
3093   -0.0002373435
3094   -0.0002373435
3095   -0.0002373435
3096   -0.0001070525
3097   -0.0001070525
3098   -0.0002373435
3099   -0.0004935777
3100   -0.0003653535
3101   -0.0001070525
3102   -0.0001070525
3103   -0.0001070525
3104   -0.0001070525
3105   -0.0001070525
3106   -0.0001070525
3107   -0.0001070525
3108   -0.0003653535
3109   -0.0004935777
3110   -0.0002373435
3111   -0.0001070525
3112   -0.0001070525
3113   -0.0002373435
3114   -0.0002373435
3115   -0.0002373435
3116   -0.0004935777
3117   -0.0004935777
3118   -0.0002373435
3119   -0.0002373435
3120   -0.0004935777
3121   -0.0004935777
3122   -0.0003653535
3123   -0.0003653535
3124   -0.0002373435
3125   -0.0002373435
3126   -0.0002373435
3127   -0.0004935777
3128   -0.0004935777
3129   -0.0004935777
3130   -0.0004935777
3131   -0.0003653535
3132   -0.0003653535
3133   -0.0003653535
3134   -0.0002373435
3135   -0.0002373435
3136   -0.0004935777
3137   -0.0004935777
3138   -0.0004935777
3139   -0.0004935777
3140   -0.0003653535
3141   -0.0003653535
3142   -0.0003653535
3143   -0.0002373435
3144   -0.0004935777
3145   -0.0004935777
3146   -0.0003653535
3147   -0.0003653535
3148   -0.0003653535
3149   -0.0004935777
3150   -0.0004935777
3151   -0.0002373435
3152   -0.0002373435
3153   -0.0004935777
3154   -0.0004935777
3155   -0.0004935777
3156   -0.0004935777
3157   -0.0004935777
3158   -0.0004935777
3159   -0.0004935777
3160   -0.0002373435
3161   -0.0002373435
3162   -0.0004935777
3163   -0.0004935777
3164   -0.0004935777
3165   -0.0004935777
3166   -0.0004935777
3167   -0.0004935777
3168   -0.0004935777
3169   -0.0002373435
3170   -0.0002373435
3171   -0.0004935777
3172   -0.0004935777
3173   -0.0004935777
3174   -0.0004935777
3175   -0.0004935777
3176   -0.0004935777
3177   -0.0004935777
3178   -0.0002373435
3179   -0.0001070525
3180   -0.0002373435
3181   -0.0002373435
3182   -0.0002373435
3183   -0.0002373435
3184   -0.0002373435
3185   -0.0002373435
3186   -0.0002373435
3187   -0.0001070525
