567	
1   -0.0000409539
2   -0.0000263417
3   -0.0000263417
4   -0.0000263417
5   -0.0000263417
6   -0.0000263417
7   -0.0000409539
8   -0.0000568979
9   -0.0000568979
10   -0.0000568979
11   -0.0000409539
12   -0.0000409539
13   -0.0000568979
14   -0.0000263417
15   -0.0000568979
16   -0.0000263417
17   -0.0000729607
18   -0.0000729607
19   -0.0000409539
20   -0.0000409539
21   -0.0000409539
22   -0.0000729607
23   -0.0000729607
24   -0.0001405341
25   -0.0001255885
26   -0.0001405341
27   -0.0000729607
28   -0.0001006780
29   -0.0001006780
30   -0.0000568979
31   -0.0001006780
32   -0.0000568979
33   -0.0000729607
34   -0.0000729607
35   -0.0000409539
36   -0.0000409539
37   -0.0000409539
38   -0.0000729607
39   -0.0000729607
40   -0.0001405341
41   -0.0001255885
42   -0.0001405341
43   -0.0000729607
44   -0.0001006780
45   -0.0001006780
46   -0.0000568979
47   -0.0001006780
48   -0.0000568979
49   -0.0000729607
50   -0.0000729607
51   -0.0000409539
52   -0.0000409539
53   -0.0000409539
54   -0.0000729607
55   -0.0000729607
56   -0.0001405341
57   -0.0001255885
58   -0.0001405341
59   -0.0000729607
60   -0.0001006780
61   -0.0001006780
62   -0.0000568979
63   -0.0001006780
64   -0.0000568979
65   -0.0000729607
66   -0.0000729607
67   -0.0000409539
68   -0.0000409539
69   -0.0000409539
70   -0.0000729607
71   -0.0000729607
72   -0.0001405341
73   -0.0001255885
74   -0.0001405341
75   -0.0000729607
76   -0.0001006780
77   -0.0001006780
78   -0.0000568979
79   -0.0001006780
80   -0.0000568979
81   -0.0000729607
82   -0.0000729607
83   -0.0000409539
84   -0.0000409539
85   -0.0000409539
86   -0.0000729607
87   -0.0000729607
88   -0.0001405341
89   -0.0001255885
90   -0.0001405341
91   -0.0000729607
92   -0.0001006780
93   -0.0001006780
94   -0.0000568979
95   -0.0001006780
96   -0.0000568979
97   -0.0000729607
98   -0.0000729607
99   -0.0000409539
100   -0.0000409539
101   -0.0000409539
102   -0.0000729607
103   -0.0000729607
104   -0.0001405341
105   -0.0001255885
106   -0.0001405341
107   -0.0000729607
108   -0.0001006780
109   -0.0001006780
110   -0.0000568979
111   -0.0001006780
112   -0.0000568979
113   -0.0000729607
114   -0.0000729607
115   -0.0000409539
116   -0.0000409539
117   -0.0000409539
118   -0.0000729607
119   -0.0000729607
120   -0.0001405341
121   -0.0001255885
122   -0.0001405341
123   -0.0000729607
124   -0.0001006780
125   -0.0001006780
126   -0.0000568979
127   -0.0001006780
128   -0.0000568979
129   -0.0000729607
130   -0.0000729607
131   -0.0000409539
132   -0.0000409539
133   -0.0000409539
134   -0.0000729607
135   -0.0000729607
136   -0.0001405341
137   -0.0001255885
138   -0.0001405341
139   -0.0000729607
140   -0.0001006780
141   -0.0001006780
142   -0.0000568979
143   -0.0001006780
144   -0.0000568979
145   -0.0000729607
146   -0.0000729607
147   -0.0000409539
148   -0.0000409539
149   -0.0000409539
150   -0.0000729607
151   -0.0000729607
152   -0.0001405341
153   -0.0001255885
154   -0.0001405341
155   -0.0000729607
156   -0.0001006780
157   -0.0001006780
158   -0.0000568979
159   -0.0001006780
160   -0.0000568979
161   -0.0000729607
162   -0.0000729607
163   -0.0000409539
164   -0.0000409539
165   -0.0000409539
166   -0.0000729607
167   -0.0000729607
168   -0.0001405341
169   -0.0001255885
170   -0.0001405341
171   -0.0000729607
172   -0.0001006780
173   -0.0001006780
174   -0.0000568979
175   -0.0001006780
176   -0.0000568979
177   -0.0000729607
178   -0.0000729607
179   -0.0000409539
180   -0.0000409539
181   -0.0000409539
182   -0.0000729607
183   -0.0000729607
184   -0.0001405341
185   -0.0001255885
186   -0.0001405341
187   -0.0000729607
188   -0.0001006780
189   -0.0001006780
190   -0.0000568979
191   -0.0001006780
192   -0.0000568979
193   -0.0000729607
194   -0.0000729607
195   -0.0000409539
196   -0.0000409539
197   -0.0000409539
198   -0.0000729607
199   -0.0000729607
200   -0.0001405341
201   -0.0001255885
202   -0.0001405341
203   -0.0000729607
204   -0.0001006780
205   -0.0001006780
206   -0.0000568979
207   -0.0001006780
208   -0.0000568979
209   -0.0000729607
210   -0.0000729607
211   -0.0000409539
212   -0.0000409539
213   -0.0000409539
214   -0.0000729607
215   -0.0000729607
216   -0.0001405341
217   -0.0001255885
218   -0.0001405341
219   -0.0000729607
220   -0.0001006780
221   -0.0001006780
222   -0.0000568979
223   -0.0001006780
224   -0.0000568979
225   -0.0000729607
226   -0.0000729607
227   -0.0000409539
228   -0.0000409539
229   -0.0000409539
230   -0.0000729607
231   -0.0000729607
232   -0.0001405341
233   -0.0001255885
234   -0.0001405341
235   -0.0000729607
236   -0.0001006780
237   -0.0001006780
238   -0.0000568979
239   -0.0001006780
240   -0.0000568979
241   -0.0000729607
242   -0.0000729607
243   -0.0000409539
244   -0.0000409539
245   -0.0000409539
246   -0.0000729607
247   -0.0000729607
248   -0.0001405341
249   -0.0001255885
250   -0.0001405341
251   -0.0000729607
252   -0.0001006780
253   -0.0001006780
254   -0.0000568979
255   -0.0001006780
256   -0.0000568979
257   -0.0000729607
258   -0.0000729607
259   -0.0000409539
260   -0.0000409539
261   -0.0000409539
262   -0.0000729607
263   -0.0000729607
264   -0.0001405341
265   -0.0001255885
266   -0.0001405341
267   -0.0000729607
268   -0.0001006780
269   -0.0001006780
270   -0.0000568979
271   -0.0001006780
272   -0.0000568979
273   -0.0000729607
274   -0.0000729607
275   -0.0000409539
276   -0.0000409539
277   -0.0000409539
278   -0.0000729607
279   -0.0000729607
280   -0.0001405341
281   -0.0001255885
282   -0.0001405341
283   -0.0000729607
284   -0.0001006780
285   -0.0001006780
286   -0.0000568979
287   -0.0001006780
288   -0.0000568979
289   -0.0000729607
290   -0.0000729607
291   -0.0000409539
292   -0.0000409539
293   -0.0000409539
294   -0.0000729607
295   -0.0000729607
296   -0.0001405341
297   -0.0001255885
298   -0.0001405341
299   -0.0000729607
300   -0.0001006780
301   -0.0001006780
302   -0.0000568979
303   -0.0001006780
304   -0.0000568979
305   -0.0000729607
306   -0.0000729607
307   -0.0000409539
308   -0.0000409539
309   -0.0000409539
310   -0.0000729607
311   -0.0000729607
312   -0.0001405341
313   -0.0001255885
314   -0.0001405341
315   -0.0000729607
316   -0.0001006780
317   -0.0001006780
318   -0.0000568979
319   -0.0001006780
320   -0.0000568979
321   -0.0000409539
322   -0.0000263417
323   -0.0000263417
324   -0.0000263417
325   -0.0000263417
326   -0.0000263417
327   -0.0000409539
328   -0.0000568979
329   -0.0000568979
330   -0.0000568979
331   -0.0000409539
332   -0.0000409539
333   -0.0000568979
334   -0.0000263417
335   -0.0000568979
336   -0.0000263417
337   -0.0000263417
338   -0.0000263417
339   -0.0000263417
340   -0.0000263417
341   -0.0000263417
342   -0.0000409539
343   -0.0000409539
344   -0.0000568979
345   -0.0000263417
346   -0.0000568979
347   -0.0000263417
348   -0.0000729607
349   -0.0000409539
350   -0.0000409539
351   -0.0000409539
352   -0.0000729607
353   -0.0000729607
354   -0.0001006780
355   -0.0001006780
356   -0.0000568979
357   -0.0001006780
358   -0.0000568979
359   -0.0000729607
360   -0.0000409539
361   -0.0000409539
362   -0.0000409539
363   -0.0000729607
364   -0.0000729607
365   -0.0001006780
366   -0.0001006780
367   -0.0000568979
368   -0.0001006780
369   -0.0000568979
370   -0.0000729607
371   -0.0000409539
372   -0.0000409539
373   -0.0000409539
374   -0.0000729607
375   -0.0000729607
376   -0.0001006780
377   -0.0001006780
378   -0.0000568979
379   -0.0001006780
380   -0.0000568979
381   -0.0000729607
382   -0.0000409539
383   -0.0000409539
384   -0.0000409539
385   -0.0000729607
386   -0.0000729607
387   -0.0001006780
388   -0.0001006780
389   -0.0000568979
390   -0.0001006780
391   -0.0000568979
392   -0.0000729607
393   -0.0000409539
394   -0.0000409539
395   -0.0000409539
396   -0.0000729607
397   -0.0000729607
398   -0.0001006780
399   -0.0001006780
400   -0.0000568979
401   -0.0001006780
402   -0.0000568979
403   -0.0000729607
404   -0.0000409539
405   -0.0000409539
406   -0.0000409539
407   -0.0000729607
408   -0.0000729607
409   -0.0001006780
410   -0.0001006780
411   -0.0000568979
412   -0.0001006780
413   -0.0000568979
414   -0.0000729607
415   -0.0000409539
416   -0.0000409539
417   -0.0000409539
418   -0.0000729607
419   -0.0000729607
420   -0.0001006780
421   -0.0001006780
422   -0.0000568979
423   -0.0001006780
424   -0.0000568979
425   -0.0000729607
426   -0.0000409539
427   -0.0000409539
428   -0.0000409539
429   -0.0000729607
430   -0.0000729607
431   -0.0001006780
432   -0.0001006780
433   -0.0000568979
434   -0.0001006780
435   -0.0000568979
436   -0.0000729607
437   -0.0000409539
438   -0.0000409539
439   -0.0000409539
440   -0.0000729607
441   -0.0000729607
442   -0.0001006780
443   -0.0001006780
444   -0.0000568979
445   -0.0001006780
446   -0.0000568979
447   -0.0000729607
448   -0.0000409539
449   -0.0000409539
450   -0.0000409539
451   -0.0000729607
452   -0.0000729607
453   -0.0001006780
454   -0.0001006780
455   -0.0000568979
456   -0.0001006780
457   -0.0000568979
458   -0.0000729607
459   -0.0000409539
460   -0.0000409539
461   -0.0000409539
462   -0.0000729607
463   -0.0000729607
464   -0.0001006780
465   -0.0001006780
466   -0.0000568979
467   -0.0001006780
468   -0.0000568979
469   -0.0000729607
470   -0.0000409539
471   -0.0000409539
472   -0.0000409539
473   -0.0000729607
474   -0.0000729607
475   -0.0001006780
476   -0.0001006780
477   -0.0000568979
478   -0.0001006780
479   -0.0000568979
480   -0.0000729607
481   -0.0000409539
482   -0.0000409539
483   -0.0000409539
484   -0.0000729607
485   -0.0000729607
486   -0.0001006780
487   -0.0001006780
488   -0.0000568979
489   -0.0001006780
490   -0.0000568979
491   -0.0000729607
492   -0.0000409539
493   -0.0000409539
494   -0.0000409539
495   -0.0000729607
496   -0.0000729607
497   -0.0001006780
498   -0.0001006780
499   -0.0000568979
500   -0.0001006780
501   -0.0000568979
502   -0.0000729607
503   -0.0000409539
504   -0.0000409539
505   -0.0000409539
506   -0.0000729607
507   -0.0000729607
508   -0.0001006780
509   -0.0001006780
510   -0.0000568979
511   -0.0001006780
512   -0.0000568979
513   -0.0000729607
514   -0.0000409539
515   -0.0000409539
516   -0.0000409539
517   -0.0000729607
518   -0.0000729607
519   -0.0001006780
520   -0.0001006780
521   -0.0000568979
522   -0.0001006780
523   -0.0000568979
524   -0.0000729607
525   -0.0000409539
526   -0.0000409539
527   -0.0000409539
528   -0.0000729607
529   -0.0000729607
530   -0.0001006780
531   -0.0001006780
532   -0.0000568979
533   -0.0001006780
534   -0.0000568979
535   -0.0000729607
536   -0.0000409539
537   -0.0000409539
538   -0.0000409539
539   -0.0000729607
540   -0.0000729607
541   -0.0001006780
542   -0.0001006780
543   -0.0000568979
544   -0.0001006780
545   -0.0000568979
546   -0.0000729607
547   -0.0000409539
548   -0.0000409539
549   -0.0000409539
550   -0.0000729607
551   -0.0000729607
552   -0.0001006780
553   -0.0001006780
554   -0.0000568979
555   -0.0001006780
556   -0.0000568979
557   -0.0000263417
558   -0.0000263417
559   -0.0000263417
560   -0.0000263417
561   -0.0000263417
562   -0.0000409539
563   -0.0000409539
564   -0.0000568979
565   -0.0000263417
566   -0.0000568979
567   -0.0000263417
