567
1   -0.0210690740
2   -0.0182300902
3   -0.0114268217
4   -0.0045416958
5    0.0024295848
6    0.0057698986
7    0.0066437389
8   -0.0120001776
9   -0.0107239801
10   -0.0120001776
11   -0.0069940830
12   -0.0085968768
13   -0.0097170001
14   -0.0052005179
15   -0.0097170001
16   -0.0052005179
17   -0.0277128129
18   -0.0239999888
19   -0.0138564065
20    0.0000000000
21    0.0138564065
22    0.0239999888
23    0.0277128129
24    0.0000000000
25    0.0000000000
26    0.0000000000
27    0.0000000000
28    0.0000000000
29    0.0000000000
30    0.0000000000
31   -0.0000000000
32   -0.0000000000
33   -0.0277128129
34   -0.0239999888
35   -0.0138564065
36   -0.0000000000
37    0.0138564065
38    0.0239999888
39    0.0277128129
40    0.0000000000
41    0.0000000000
42    0.0000000000
43    0.0000000000
44    0.0000000000
45    0.0000000000
46    0.0000000000
47   -0.0000000000
48   -0.0000000000
49   -0.0277128129
50   -0.0239999888
51   -0.0138564065
52   -0.0000000000
53    0.0138564065
54    0.0239999888
55    0.0277128129
56    0.0000000000
57    0.0000000000
58    0.0000000000
59    0.0000000000
60    0.0000000000
61    0.0000000000
62    0.0000000000
63   -0.0000000000
64   -0.0000000000
65   -0.0277128129
66   -0.0239999888
67   -0.0138564065
68   -0.0000000000
69    0.0138564065
70    0.0239999888
71    0.0277128129
72    0.0000000000
73    0.0000000000
74    0.0000000000
75    0.0000000000
76   -0.0000000000
77    0.0000000000
78    0.0000000000
79   -0.0000000000
80   -0.0000000000
81   -0.0277128129
82   -0.0239999888
83   -0.0138564065
84    0.0000000000
85    0.0138564065
86    0.0239999888
87    0.0277128129
88   -0.0000000000
89    0.0000000000
90    0.0000000000
91    0.0000000000
92   -0.0000000000
93    0.0000000000
94    0.0000000000
95   -0.0000000000
96   -0.0000000000
97   -0.0277128129
98   -0.0239999888
99   -0.0138564065
100   -0.0000000000
101    0.0138564065
102    0.0239999888
103    0.0277128129
104    0.0000000000
105    0.0000000000
106    0.0000000000
107    0.0000000000
108    0.0000000000
109    0.0000000000
110    0.0000000000
111   -0.0000000000
112   -0.0000000000
113   -0.0277128129
114   -0.0239999888
115   -0.0138564065
116   -0.0000000000
117    0.0138564065
118    0.0239999888
119    0.0277128129
120    0.0000000000
121    0.0000000000
122    0.0000000000
123    0.0000000000
124    0.0000000000
125    0.0000000000
126    0.0000000000
127   -0.0000000000
128   -0.0000000000
129   -0.0277128129
130   -0.0239999888
131   -0.0138564065
132   -0.0000000000
133    0.0138564065
134    0.0239999888
135    0.0277128129
136    0.0000000000
137    0.0000000000
138    0.0000000000
139    0.0000000000
140    0.0000000000
141    0.0000000000
142    0.0000000000
143   -0.0000000000
144   -0.0000000000
145   -0.0277128129
146   -0.0239999888
147   -0.0138564065
148   -0.0000000000
149    0.0138564065
150    0.0239999888
151    0.0277128129
152    0.0000000000
153    0.0000000000
154    0.0000000000
155    0.0000000000
156    0.0000000000
157    0.0000000000
158    0.0000000000
159   -0.0000000000
160   -0.0000000000
161   -0.0277128129
162   -0.0239999888
163   -0.0138564065
164   -0.0000000000
165    0.0138564065
166    0.0239999888
167    0.0277128129
168    0.0000000000
169    0.0000000000
170    0.0000000000
171    0.0000000000
172    0.0000000000
173    0.0000000000
174    0.0000000000
175   -0.0000000000
176   -0.0000000000
177   -0.0277128129
178   -0.0239999888
179   -0.0138564065
180    0.0000000000
181    0.0138564065
182    0.0239999888
183    0.0277128129
184    0.0000000000
185    0.0000000000
186    0.0000000000
187    0.0000000000
188    0.0000000000
189    0.0000000000
190    0.0000000000
191   -0.0000000000
192   -0.0000000000
193   -0.0277128129
194   -0.0239999888
195   -0.0138564065
196   -0.0000000000
197    0.0138564065
198    0.0239999888
199    0.0277128129
200   -0.0000000000
201    0.0000000000
202    0.0000000000
203    0.0000000000
204    0.0000000000
205    0.0000000000
206    0.0000000000
207   -0.0000000000
208   -0.0000000000
209   -0.0277128129
210   -0.0239999888
211   -0.0138564065
212    0.0000000000
213    0.0138564065
214    0.0239999888
215    0.0277128129
216   -0.0000000000
217    0.0000000000
218   -0.0000000000
219    0.0000000000
220   -0.0000000000
221    0.0000000000
222    0.0000000000
223   -0.0000000000
224   -0.0000000000
225   -0.0277128129
226   -0.0239999888
227   -0.0138564065
228    0.0000000000
229    0.0138564065
230    0.0239999888
231    0.0277128129
232   -0.0000000000
233    0.0000000000
234   -0.0000000000
235    0.0000000000
236   -0.0000000000
237    0.0000000000
238    0.0000000000
239   -0.0000000000
240   -0.0000000000
241   -0.0277128129
242   -0.0239999888
243   -0.0138564065
244   -0.0000000000
245    0.0138564065
246    0.0239999888
247    0.0277128129
248    0.0000000000
249    0.0000000000
250    0.0000000000
251    0.0000000000
252    0.0000000000
253    0.0000000000
254    0.0000000000
255   -0.0000000000
256   -0.0000000000
257   -0.0277128129
258   -0.0239999888
259   -0.0138564065
260   -0.0000000000
261    0.0138564065
262    0.0239999888
263    0.0277128129
264    0.0000000000
265   -0.0000000000
266    0.0000000000
267    0.0000000000
268    0.0000000000
269   -0.0000000000
270    0.0000000000
271   -0.0000000000
272   -0.0000000000
273   -0.0277128129
274   -0.0239999888
275   -0.0138564065
276   -0.0000000000
277    0.0138564065
278    0.0239999888
279    0.0277128129
280    0.0000000000
281    0.0000000000
282    0.0000000000
283    0.0000000000
284    0.0000000000
285    0.0000000000
286    0.0000000000
287   -0.0000000000
288   -0.0000000000
289   -0.0277128129
290   -0.0239999888
291   -0.0138564065
292    0.0000000000
293    0.0138564065
294    0.0239999888
295    0.0277128129
296   -0.0000000000
297    0.0000000000
298   -0.0000000000
299    0.0000000000
300   -0.0000000000
301    0.0000000000
302    0.0000000000
303   -0.0000000000
304   -0.0000000000
305   -0.0277128129
306   -0.0239999888
307   -0.0138564065
308    0.0000000000
309    0.0138564065
310    0.0239999888
311    0.0277128129
312   -0.0000000000
313    0.0000000000
314    0.0000000000
315    0.0000000000
316   -0.0000000000
317    0.0000000000
318    0.0000000000
319   -0.0000000000
320   -0.0000000000
321   -0.0066437389
322   -0.0057698986
323   -0.0024295848
324    0.0045416958
325    0.0114268217
326    0.0182300902
327    0.0210690740
328    0.0120001776
329    0.0107239801
330    0.0120001776
331    0.0069940830
332    0.0085968768
333    0.0097170001
334    0.0052005179
335    0.0097170001
336    0.0052005179
337   -0.0182300902
338   -0.0114268217
339   -0.0045416958
340    0.0024295848
341    0.0057698986
342   -0.0069940830
343   -0.0085968768
344   -0.0097170001
345   -0.0052005179
346   -0.0097170001
347   -0.0052005179
348   -0.0239999888
349   -0.0138564065
350   -0.0000000000
351    0.0138564065
352    0.0239999888
353    0.0000000000
354   -0.0000000000
355   -0.0000000000
356    0.0000000000
357   -0.0000000000
358    0.0000000000
359   -0.0239999888
360   -0.0138564065
361   -0.0000000000
362    0.0138564065
363    0.0239999888
364    0.0000000000
365   -0.0000000000
366   -0.0000000000
367    0.0000000000
368   -0.0000000000
369    0.0000000000
370   -0.0239999888
371   -0.0138564065
372   -0.0000000000
373    0.0138564065
374    0.0239999888
375    0.0000000000
376   -0.0000000000
377   -0.0000000000
378    0.0000000000
379   -0.0000000000
380    0.0000000000
381   -0.0239999888
382   -0.0138564065
383   -0.0000000000
384    0.0138564065
385    0.0239999888
386    0.0000000000
387   -0.0000000000
388   -0.0000000000
389    0.0000000000
390   -0.0000000000
391    0.0000000000
392   -0.0239999888
393   -0.0138564065
394   -0.0000000000
395    0.0138564065
396    0.0239999888
397    0.0000000000
398   -0.0000000000
399   -0.0000000000
400    0.0000000000
401   -0.0000000000
402    0.0000000000
403   -0.0239999888
404   -0.0138564065
405   -0.0000000000
406    0.0138564065
407    0.0239999888
408    0.0000000000
409   -0.0000000000
410   -0.0000000000
411    0.0000000000
412   -0.0000000000
413    0.0000000000
414   -0.0239999888
415   -0.0138564065
416   -0.0000000000
417    0.0138564065
418    0.0239999888
419    0.0000000000
420   -0.0000000000
421   -0.0000000000
422    0.0000000000
423   -0.0000000000
424    0.0000000000
425   -0.0239999888
426   -0.0138564065
427   -0.0000000000
428    0.0138564065
429    0.0239999888
430    0.0000000000
431   -0.0000000000
432   -0.0000000000
433   -0.0000000000
434   -0.0000000000
435    0.0000000000
436   -0.0239999888
437   -0.0138564065
438   -0.0000000000
439    0.0138564065
440    0.0239999888
441    0.0000000000
442   -0.0000000000
443   -0.0000000000
444   -0.0000000000
445   -0.0000000000
446    0.0000000000
447   -0.0239999888
448   -0.0138564065
449   -0.0000000000
450    0.0138564065
451    0.0239999888
452    0.0000000000
453   -0.0000000000
454    0.0000000000
455    0.0000000000
456   -0.0000000000
457    0.0000000000
458   -0.0239999888
459   -0.0138564065
460   -0.0000000000
461    0.0138564065
462    0.0239999888
463    0.0000000000
464   -0.0000000000
465   -0.0000000000
466   -0.0000000000
467   -0.0000000000
468    0.0000000000
469   -0.0239999888
470   -0.0138564065
471   -0.0000000000
472    0.0138564065
473    0.0239999888
474    0.0000000000
475   -0.0000000000
476   -0.0000000000
477    0.0000000000
478   -0.0000000000
479    0.0000000000
480   -0.0239999888
481   -0.0138564065
482   -0.0000000000
483    0.0138564065
484    0.0239999888
485    0.0000000000
486   -0.0000000000
487    0.0000000000
488    0.0000000000
489   -0.0000000000
490   -0.0000000000
491   -0.0239999888
492   -0.0138564065
493   -0.0000000000
494    0.0138564065
495    0.0239999888
496    0.0000000000
497   -0.0000000000
498   -0.0000000000
499    0.0000000000
500   -0.0000000000
501   -0.0000000000
502   -0.0239999888
503   -0.0138564065
504   -0.0000000000
505    0.0138564065
506    0.0239999888
507    0.0000000000
508   -0.0000000000
509    0.0000000000
510    0.0000000000
511   -0.0000000000
512    0.0000000000
513   -0.0239999888
514   -0.0138564065
515   -0.0000000000
516    0.0138564065
517    0.0239999888
518    0.0000000000
519   -0.0000000000
520   -0.0000000000
521   -0.0000000000
522   -0.0000000000
523    0.0000000000
524   -0.0239999888
525   -0.0138564065
526   -0.0000000000
527    0.0138564065
528    0.0239999888
529    0.0000000000
530   -0.0000000000
531   -0.0000000000
532   -0.0000000000
533   -0.0000000000
534    0.0000000000
535   -0.0239999888
536   -0.0138564065
537   -0.0000000000
538    0.0138564065
539    0.0239999888
540    0.0000000000
541   -0.0000000000
542   -0.0000000000
543    0.0000000000
544   -0.0000000000
545   -0.0000000000
546   -0.0239999888
547   -0.0138564065
548   -0.0000000000
549    0.0138564065
550    0.0239999888
551    0.0000000000
552   -0.0000000000
553   -0.0000000000
554    0.0000000000
555   -0.0000000000
556   -0.0000000000
557   -0.0057698986
558   -0.0024295848
559    0.0045416958
560    0.0114268217
561    0.0182300902
562    0.0069940830
563    0.0085968768
564    0.0097170001
565    0.0052005179
566    0.0097170001
567    0.0052005179
