3187	
1   -0.0001826768
2   -0.0000607207
3   -0.0000607207
4   -0.0000607207
5   -0.0001826768
6   -0.0003071505
7   -0.0001826768
8   -0.0000607207
9   -0.0000607207
10   -0.0000607207
11   -0.0001826768
12   -0.0001826768
13   -0.0000607207
14   -0.0000607207
15   -0.0000607207
16   -0.0001826768
17   -0.0003071505
18   -0.0001826768
19   -0.0000607207
20   -0.0000607207
21   -0.0000607207
22   -0.0001826768
23   -0.0001826768
24   -0.0000607207
25   -0.0000607207
26   -0.0000607207
27   -0.0001826768
28   -0.0003071505
29   -0.0001826768
30   -0.0000607207
31   -0.0000607207
32   -0.0000607207
33   -0.0001826768
34   -0.0001826768
35   -0.0000607207
36   -0.0000607207
37   -0.0000607207
38   -0.0001826768
39   -0.0003071505
40   -0.0001826768
41   -0.0000607207
42   -0.0000607207
43   -0.0000607207
44   -0.0001826768
45   -0.0001826768
46   -0.0000607207
47   -0.0000607207
48   -0.0000607207
49   -0.0001826768
50   -0.0003071505
51   -0.0001826768
52   -0.0000607207
53   -0.0000607207
54   -0.0000607207
55   -0.0001826768
56   -0.0001826768
57   -0.0000607207
58   -0.0000607207
59   -0.0000607207
60   -0.0001826768
61   -0.0003071505
62   -0.0001826768
63   -0.0000607207
64   -0.0000607207
65   -0.0000607207
66   -0.0001826768
67   -0.0001826768
68   -0.0000607207
69   -0.0000607207
70   -0.0000607207
71   -0.0001826768
72   -0.0003071505
73   -0.0001826768
74   -0.0000607207
75   -0.0000607207
76   -0.0000607207
77   -0.0001826768
78   -0.0001826768
79   -0.0000607207
80   -0.0000607207
81   -0.0000607207
82   -0.0001826768
83   -0.0003071505
84   -0.0001826768
85   -0.0000607207
86   -0.0000607207
87   -0.0000607207
88   -0.0001826768
89   -0.0003071505
90   -0.0001826768
91   -0.0001826768
92   -0.0000607207
93   -0.0003071505
94   -0.0005561643
95   -0.0003071505
96   -0.0000607207
97   -0.0001826768
98   -0.0001826768
99   -0.0003071505
100   -0.0003071505
101   -0.0001826768
102   -0.0001826768
103   -0.0000607207
104   -0.0003071505
105   -0.0005561643
106   -0.0003071505
107   -0.0000607207
108   -0.0001826768
109   -0.0001826768
110   -0.0003071505
111   -0.0003071505
112   -0.0001826768
113   -0.0001826768
114   -0.0000607207
115   -0.0003071505
116   -0.0005561643
117   -0.0003071505
118   -0.0000607207
119   -0.0001826768
120   -0.0001826768
121   -0.0003071505
122   -0.0003071505
123   -0.0001826768
124   -0.0001826768
125   -0.0000607207
126   -0.0003071505
127   -0.0005561643
128   -0.0003071505
129   -0.0000607207
130   -0.0001826768
131   -0.0001826768
132   -0.0003071505
133   -0.0003071505
134   -0.0001826768
135   -0.0001826768
136   -0.0000607207
137   -0.0003071505
138   -0.0005561643
139   -0.0003071505
140   -0.0000607207
141   -0.0001826768
142   -0.0001826768
143   -0.0003071505
144   -0.0003071505
145   -0.0001826768
146   -0.0001826768
147   -0.0000607207
148   -0.0003071505
149   -0.0005561643
150   -0.0003071505
151   -0.0000607207
152   -0.0001826768
153   -0.0001826768
154   -0.0003071505
155   -0.0003071505
156   -0.0001826768
157   -0.0001826768
158   -0.0000607207
159   -0.0003071505
160   -0.0005561643
161   -0.0003071505
162   -0.0000607207
163   -0.0001826768
164   -0.0001826768
165   -0.0003071505
166   -0.0003071505
167   -0.0001826768
168   -0.0001826768
169   -0.0000607207
170   -0.0003071505
171   -0.0005561643
172   -0.0003071505
173   -0.0000607207
174   -0.0001826768
175   -0.0001826768
176   -0.0003071505
177   -0.0003071505
178   -0.0001826768
179   -0.0001826768
180   -0.0000607207
181   -0.0003071505
182   -0.0005561643
183   -0.0003071505
184   -0.0000607207
185   -0.0001826768
186   -0.0001826768
187   -0.0003071505
188   -0.0003071505
189   -0.0001826768
190   -0.0001826768
191   -0.0000607207
192   -0.0003071505
193   -0.0005561643
194   -0.0003071505
195   -0.0000607207
196   -0.0001826768
197   -0.0001826768
198   -0.0003071505
199   -0.0003071505
200   -0.0001826768
201   -0.0001826768
202   -0.0000607207
203   -0.0003071505
204   -0.0005561643
205   -0.0003071505
206   -0.0000607207
207   -0.0001826768
208   -0.0001826768
209   -0.0003071505
210   -0.0003071505
211   -0.0001826768
212   -0.0001826768
213   -0.0000607207
214   -0.0003071505
215   -0.0005561643
216   -0.0003071505
217   -0.0000607207
218   -0.0001826768
219   -0.0001826768
220   -0.0003071505
221   -0.0003071505
222   -0.0001826768
223   -0.0001826768
224   -0.0000607207
225   -0.0003071505
226   -0.0005561643
227   -0.0003071505
228   -0.0000607207
229   -0.0001826768
230   -0.0001826768
231   -0.0003071505
232   -0.0003071505
233   -0.0001826768
234   -0.0001826768
235   -0.0000607207
236   -0.0003071505
237   -0.0005561643
238   -0.0003071505
239   -0.0000607207
240   -0.0001826768
241   -0.0001826768
242   -0.0003071505
243   -0.0003071505
244   -0.0001826768
245   -0.0001826768
246   -0.0000607207
247   -0.0003071505
248   -0.0005561643
249   -0.0003071505
250   -0.0000607207
251   -0.0001826768
252   -0.0001826768
253   -0.0003071505
254   -0.0003071505
255   -0.0001826768
256   -0.0001826768
257   -0.0000607207
258   -0.0003071505
259   -0.0005561643
260   -0.0003071505
261   -0.0000607207
262   -0.0001826768
263   -0.0001826768
264   -0.0003071505
265   -0.0003071505
266   -0.0001826768
267   -0.0001826768
268   -0.0000607207
269   -0.0003071505
270   -0.0005561643
271   -0.0003071505
272   -0.0000607207
273   -0.0001826768
274   -0.0001826768
275   -0.0003071505
276   -0.0003071505
277   -0.0001826768
278   -0.0001826768
279   -0.0000607207
280   -0.0003071505
281   -0.0005561643
282   -0.0003071505
283   -0.0000607207
284   -0.0001826768
285   -0.0001826768
286   -0.0003071505
287   -0.0003071505
288   -0.0001826768
289   -0.0001826768
290   -0.0000607207
291   -0.0003071505
292   -0.0005561643
293   -0.0003071505
294   -0.0000607207
295   -0.0001826768
296   -0.0001826768
297   -0.0003071505
298   -0.0003071505
299   -0.0001826768
300   -0.0001826768
301   -0.0000607207
302   -0.0003071505
303   -0.0005561643
304   -0.0003071505
305   -0.0000607207
306   -0.0001826768
307   -0.0001826768
308   -0.0003071505
309   -0.0003071505
310   -0.0001826768
311   -0.0001826768
312   -0.0000607207
313   -0.0003071505
314   -0.0005561643
315   -0.0003071505
316   -0.0000607207
317   -0.0001826768
318   -0.0001826768
319   -0.0003071505
320   -0.0003071505
321   -0.0001826768
322   -0.0001826768
323   -0.0000607207
324   -0.0003071505
325   -0.0005561643
326   -0.0003071505
327   -0.0000607207
328   -0.0001826768
329   -0.0001826768
330   -0.0003071505
331   -0.0003071505
332   -0.0001826768
333   -0.0001826768
334   -0.0000607207
335   -0.0003071505
336   -0.0005561643
337   -0.0003071505
338   -0.0000607207
339   -0.0001826768
340   -0.0001826768
341   -0.0003071505
342   -0.0003071505
343   -0.0001826768
344   -0.0001826768
345   -0.0000607207
346   -0.0003071505
347   -0.0005561643
348   -0.0003071505
349   -0.0000607207
350   -0.0001826768
351   -0.0001826768
352   -0.0003071505
353   -0.0003071505
354   -0.0001826768
355   -0.0001826768
356   -0.0000607207
357   -0.0003071505
358   -0.0005561643
359   -0.0003071505
360   -0.0000607207
361   -0.0001826768
362   -0.0001826768
363   -0.0003071505
364   -0.0003071505
365   -0.0001826768
366   -0.0001826768
367   -0.0000607207
368   -0.0003071505
369   -0.0005561643
370   -0.0003071505
371   -0.0000607207
372   -0.0001826768
373   -0.0001826768
374   -0.0003071505
375   -0.0003071505
376   -0.0001826768
377   -0.0001826768
378   -0.0000607207
379   -0.0003071505
380   -0.0005561643
381   -0.0003071505
382   -0.0000607207
383   -0.0001826768
384   -0.0001826768
385   -0.0003071505
386   -0.0003071505
387   -0.0001826768
388   -0.0001826768
389   -0.0000607207
390   -0.0003071505
391   -0.0005561643
392   -0.0003071505
393   -0.0000607207
394   -0.0001826768
395   -0.0001826768
396   -0.0003071505
397   -0.0003071505
398   -0.0001826768
399   -0.0001826768
400   -0.0000607207
401   -0.0003071505
402   -0.0005561643
403   -0.0003071505
404   -0.0000607207
405   -0.0001826768
406   -0.0001826768
407   -0.0003071505
408   -0.0003071505
409   -0.0001826768
410   -0.0001826768
411   -0.0000607207
412   -0.0003071505
413   -0.0005561643
414   -0.0003071505
415   -0.0000607207
416   -0.0001826768
417   -0.0001826768
418   -0.0003071505
419   -0.0003071505
420   -0.0001826768
421   -0.0001826768
422   -0.0000607207
423   -0.0003071505
424   -0.0005561643
425   -0.0003071505
426   -0.0000607207
427   -0.0001826768
428   -0.0001826768
429   -0.0003071505
430   -0.0003071505
431   -0.0001826768
432   -0.0001826768
433   -0.0000607207
434   -0.0003071505
435   -0.0005561643
436   -0.0003071505
437   -0.0000607207
438   -0.0001826768
439   -0.0001826768
440   -0.0003071505
441   -0.0003071505
442   -0.0001826768
443   -0.0001826768
444   -0.0000607207
445   -0.0003071505
446   -0.0005561643
447   -0.0003071505
448   -0.0000607207
449   -0.0001826768
450   -0.0001826768
451   -0.0003071505
452   -0.0003071505
453   -0.0001826768
454   -0.0001826768
455   -0.0000607207
456   -0.0003071505
457   -0.0005561643
458   -0.0003071505
459   -0.0000607207
460   -0.0001826768
461   -0.0001826768
462   -0.0003071505
463   -0.0003071505
464   -0.0001826768
465   -0.0001826768
466   -0.0000607207
467   -0.0003071505
468   -0.0005561643
469   -0.0003071505
470   -0.0000607207
471   -0.0001826768
472   -0.0001826768
473   -0.0003071505
474   -0.0003071505
475   -0.0001826768
476   -0.0001826768
477   -0.0000607207
478   -0.0003071505
479   -0.0005561643
480   -0.0003071505
481   -0.0000607207
482   -0.0001826768
483   -0.0001826768
484   -0.0003071505
485   -0.0003071505
486   -0.0001826768
487   -0.0001826768
488   -0.0000607207
489   -0.0003071505
490   -0.0005561643
491   -0.0003071505
492   -0.0000607207
493   -0.0001826768
494   -0.0001826768
495   -0.0003071505
496   -0.0003071505
497   -0.0001826768
498   -0.0001826768
499   -0.0000607207
500   -0.0003071505
501   -0.0005561643
502   -0.0003071505
503   -0.0000607207
504   -0.0001826768
505   -0.0001826768
506   -0.0003071505
507   -0.0003071505
508   -0.0001826768
509   -0.0001826768
510   -0.0000607207
511   -0.0003071505
512   -0.0005561643
513   -0.0003071505
514   -0.0000607207
515   -0.0001826768
516   -0.0001826768
517   -0.0003071505
518   -0.0003071505
519   -0.0001826768
520   -0.0001826768
521   -0.0000607207
522   -0.0003071505
523   -0.0005561643
524   -0.0003071505
525   -0.0000607207
526   -0.0001826768
527   -0.0001826768
528   -0.0003071505
529   -0.0003071505
530   -0.0001826768
531   -0.0001826768
532   -0.0000607207
533   -0.0003071505
534   -0.0005561643
535   -0.0003071505
536   -0.0000607207
537   -0.0001826768
538   -0.0001826768
539   -0.0003071505
540   -0.0003071505
541   -0.0001826768
542   -0.0001826768
543   -0.0000607207
544   -0.0003071505
545   -0.0005561643
546   -0.0003071505
547   -0.0000607207
548   -0.0001826768
549   -0.0001826768
550   -0.0003071505
551   -0.0003071505
552   -0.0001826768
553   -0.0001826768
554   -0.0000607207
555   -0.0003071505
556   -0.0005561643
557   -0.0003071505
558   -0.0000607207
559   -0.0001826768
560   -0.0001826768
561   -0.0003071505
562   -0.0003071505
563   -0.0001826768
564   -0.0001826768
565   -0.0000607207
566   -0.0003071505
567   -0.0005561643
568   -0.0003071505
569   -0.0000607207
570   -0.0001826768
571   -0.0001826768
572   -0.0003071505
573   -0.0003071505
574   -0.0001826768
575   -0.0001826768
576   -0.0000607207
577   -0.0003071505
578   -0.0005561643
579   -0.0003071505
580   -0.0000607207
581   -0.0001826768
582   -0.0001826768
583   -0.0003071505
584   -0.0003071505
585   -0.0001826768
586   -0.0001826768
587   -0.0000607207
588   -0.0003071505
589   -0.0005561643
590   -0.0003071505
591   -0.0000607207
592   -0.0001826768
593   -0.0001826768
594   -0.0003071505
595   -0.0003071505
596   -0.0001826768
597   -0.0001826768
598   -0.0000607207
599   -0.0003071505
600   -0.0005561643
601   -0.0003071505
602   -0.0000607207
603   -0.0001826768
604   -0.0001826768
605   -0.0003071505
606   -0.0003071505
607   -0.0001826768
608   -0.0001826768
609   -0.0000607207
610   -0.0003071505
611   -0.0005561643
612   -0.0003071505
613   -0.0000607207
614   -0.0001826768
615   -0.0001826768
616   -0.0003071505
617   -0.0003071505
618   -0.0001826768
619   -0.0001826768
620   -0.0000607207
621   -0.0003071505
622   -0.0005561643
623   -0.0003071505
624   -0.0000607207
625   -0.0001826768
626   -0.0001826768
627   -0.0003071505
628   -0.0003071505
629   -0.0001826768
630   -0.0001826768
631   -0.0000607207
632   -0.0003071505
633   -0.0005561643
634   -0.0003071505
635   -0.0000607207
636   -0.0001826768
637   -0.0001826768
638   -0.0003071505
639   -0.0003071505
640   -0.0001826768
641   -0.0001826768
642   -0.0000607207
643   -0.0003071505
644   -0.0005561643
645   -0.0003071505
646   -0.0000607207
647   -0.0001826768
648   -0.0001826768
649   -0.0003071505
650   -0.0003071505
651   -0.0001826768
652   -0.0001826768
653   -0.0000607207
654   -0.0003071505
655   -0.0005561643
656   -0.0003071505
657   -0.0000607207
658   -0.0001826768
659   -0.0001826768
660   -0.0003071505
661   -0.0003071505
662   -0.0001826768
663   -0.0001826768
664   -0.0000607207
665   -0.0003071505
666   -0.0005561643
667   -0.0003071505
668   -0.0000607207
669   -0.0001826768
670   -0.0001826768
671   -0.0003071505
672   -0.0003071505
673   -0.0001826768
674   -0.0001826768
675   -0.0000607207
676   -0.0003071505
677   -0.0005561643
678   -0.0003071505
679   -0.0000607207
680   -0.0001826768
681   -0.0001826768
682   -0.0003071505
683   -0.0003071505
684   -0.0001826768
685   -0.0001826768
686   -0.0000607207
687   -0.0003071505
688   -0.0005561643
689   -0.0003071505
690   -0.0000607207
691   -0.0001826768
692   -0.0001826768
693   -0.0003071505
694   -0.0003071505
695   -0.0001826768
696   -0.0001826768
697   -0.0000607207
698   -0.0003071505
699   -0.0005561643
700   -0.0003071505
701   -0.0000607207
702   -0.0001826768
703   -0.0001826768
704   -0.0003071505
705   -0.0003071505
706   -0.0001826768
707   -0.0001826768
708   -0.0000607207
709   -0.0003071505
710   -0.0005561643
711   -0.0003071505
712   -0.0000607207
713   -0.0001826768
714   -0.0001826768
715   -0.0003071505
716   -0.0003071505
717   -0.0001826768
718   -0.0001826768
719   -0.0000607207
720   -0.0003071505
721   -0.0005561643
722   -0.0003071505
723   -0.0000607207
724   -0.0001826768
725   -0.0001826768
726   -0.0003071505
727   -0.0003071505
728   -0.0001826768
729   -0.0001826768
730   -0.0000607207
731   -0.0003071505
732   -0.0005561643
733   -0.0003071505
734   -0.0000607207
735   -0.0001826768
736   -0.0001826768
737   -0.0003071505
738   -0.0003071505
739   -0.0001826768
740   -0.0001826768
741   -0.0000607207
742   -0.0003071505
743   -0.0005561643
744   -0.0003071505
745   -0.0000607207
746   -0.0001826768
747   -0.0001826768
748   -0.0003071505
749   -0.0003071505
750   -0.0001826768
751   -0.0001826768
752   -0.0000607207
753   -0.0003071505
754   -0.0005561643
755   -0.0003071505
756   -0.0000607207
757   -0.0001826768
758   -0.0001826768
759   -0.0003071505
760   -0.0003071505
761   -0.0001826768
762   -0.0001826768
763   -0.0000607207
764   -0.0003071505
765   -0.0005561643
766   -0.0003071505
767   -0.0000607207
768   -0.0001826768
769   -0.0001826768
770   -0.0003071505
771   -0.0003071505
772   -0.0001826768
773   -0.0001826768
774   -0.0000607207
775   -0.0003071505
776   -0.0005561643
777   -0.0003071505
778   -0.0000607207
779   -0.0001826768
780   -0.0001826768
781   -0.0003071505
782   -0.0003071505
783   -0.0001826768
784   -0.0001826768
785   -0.0000607207
786   -0.0003071505
787   -0.0005561643
788   -0.0003071505
789   -0.0000607207
790   -0.0001826768
791   -0.0001826768
792   -0.0003071505
793   -0.0003071505
794   -0.0001826768
795   -0.0001826768
796   -0.0000607207
797   -0.0003071505
798   -0.0005561643
799   -0.0003071505
800   -0.0000607207
801   -0.0001826768
802   -0.0001826768
803   -0.0003071505
804   -0.0003071505
805   -0.0001826768
806   -0.0001826768
807   -0.0000607207
808   -0.0003071505
809   -0.0005561643
810   -0.0003071505
811   -0.0000607207
812   -0.0001826768
813   -0.0001826768
814   -0.0003071505
815   -0.0003071505
816   -0.0001826768
817   -0.0001826768
818   -0.0000607207
819   -0.0003071505
820   -0.0005561643
821   -0.0003071505
822   -0.0000607207
823   -0.0001826768
824   -0.0001826768
825   -0.0003071505
826   -0.0003071505
827   -0.0001826768
828   -0.0001826768
829   -0.0000607207
830   -0.0003071505
831   -0.0005561643
832   -0.0003071505
833   -0.0000607207
834   -0.0001826768
835   -0.0001826768
836   -0.0003071505
837   -0.0003071505
838   -0.0001826768
839   -0.0001826768
840   -0.0000607207
841   -0.0003071505
842   -0.0005561643
843   -0.0003071505
844   -0.0000607207
845   -0.0001826768
846   -0.0001826768
847   -0.0003071505
848   -0.0003071505
849   -0.0001826768
850   -0.0001826768
851   -0.0000607207
852   -0.0003071505
853   -0.0005561643
854   -0.0003071505
855   -0.0000607207
856   -0.0001826768
857   -0.0001826768
858   -0.0003071505
859   -0.0003071505
860   -0.0001826768
861   -0.0001826768
862   -0.0000607207
863   -0.0003071505
864   -0.0005561643
865   -0.0003071505
866   -0.0000607207
867   -0.0001826768
868   -0.0001826768
869   -0.0003071505
870   -0.0003071505
871   -0.0001826768
872   -0.0001826768
873   -0.0000607207
874   -0.0003071505
875   -0.0005561643
876   -0.0003071505
877   -0.0000607207
878   -0.0001826768
879   -0.0001826768
880   -0.0003071505
881   -0.0000607207
882   -0.0001826768
883   -0.0001826768
884   -0.0001826768
885   -0.0001826768
886   -0.0001826768
887   -0.0001826768
888   -0.0001826768
889   -0.0000607207
890   -0.0001826768
891   -0.0004286064
892   -0.0004286064
893   -0.0004286064
894   -0.0004286064
895   -0.0004286064
896   -0.0004286064
897   -0.0004286064
898   -0.0001826768
899   -0.0001826768
900   -0.0004286064
901   -0.0004286064
902   -0.0004286064
903   -0.0004286064
904   -0.0004286064
905   -0.0004286064
906   -0.0004286064
907   -0.0001826768
908   -0.0001826768
909   -0.0004286064
910   -0.0004286064
911   -0.0004286064
912   -0.0004286064
913   -0.0004286064
914   -0.0004286064
915   -0.0004286064
916   -0.0001826768
917   -0.0001826768
918   -0.0004286064
919   -0.0004286064
920   -0.0004286064
921   -0.0004286064
922   -0.0004286064
923   -0.0004286064
924   -0.0004286064
925   -0.0001826768
926   -0.0003071505
927   -0.0004286064
928   -0.0004286064
929   -0.0004286064
930   -0.0004286064
931   -0.0004286064
932   -0.0004286064
933   -0.0001826768
934   -0.0001826768
935   -0.0003071505
936   -0.0004286064
937   -0.0004286064
938   -0.0004286064
939   -0.0004286064
940   -0.0005561643
941   -0.0005561643
942   -0.0001826768
943   -0.0001826768
944   -0.0003071505
945   -0.0003071505
946   -0.0003071505
947   -0.0005561643
948   -0.0005561643
949   -0.0001826768
950   -0.0001826768
951   -0.0005561643
952   -0.0005561643
953   -0.0003071505
954   -0.0003071505
955   -0.0003071505
956   -0.0000607207
957   -0.0000607207
958   -0.0001826768
959   -0.0005561643
960   -0.0003071505
961   -0.0001826768
962   -0.0000607207
963   -0.0003071505
964   -0.0004286064
965   -0.0003071505
966   -0.0000607207
967   -0.0001826768
968   -0.0003071505
969   -0.0005561643
970   -0.0001826768
971   -0.0000607207
972   -0.0000607207
973   -0.0003071505
974   -0.0003071505
975   -0.0003071505
976   -0.0005561643
977   -0.0005561643
978   -0.0001826768
979   -0.0001826768
980   -0.0005561643
981   -0.0005561643
982   -0.0003071505
983   -0.0003071505
984   -0.0003071505
985   -0.0001826768
986   -0.0001826768
987   -0.0005561643
988   -0.0005561643
989   -0.0004286064
990   -0.0004286064
991   -0.0004286064
992   -0.0004286064
993   -0.0003071505
994   -0.0001826768
995   -0.0001826768
996   -0.0004286064
997   -0.0004286064
998   -0.0004286064
999   -0.0004286064
1000   -0.0004286064
1001   -0.0004286064
1002   -0.0003071505
1003   -0.0001826768
1004   -0.0004286064
1005   -0.0004286064
1006   -0.0004286064
1007   -0.0004286064
1008   -0.0004286064
1009   -0.0004286064
1010   -0.0004286064
1011   -0.0001826768
1012   -0.0003071505
1013   -0.0004286064
1014   -0.0004286064
1015   -0.0004286064
1016   -0.0004286064
1017   -0.0004286064
1018   -0.0004286064
1019   -0.0001826768
1020   -0.0001826768
1021   -0.0003071505
1022   -0.0004286064
1023   -0.0004286064
1024   -0.0004286064
1025   -0.0004286064
1026   -0.0005561643
1027   -0.0005561643
1028   -0.0001826768
1029   -0.0001826768
1030   -0.0003071505
1031   -0.0003071505
1032   -0.0003071505
1033   -0.0005561643
1034   -0.0005561643
1035   -0.0001826768
1036   -0.0001826768
1037   -0.0005561643
1038   -0.0005561643
1039   -0.0003071505
1040   -0.0003071505
1041   -0.0003071505
1042   -0.0000607207
1043   -0.0000607207
1044   -0.0001826768
1045   -0.0005561643
1046   -0.0003071505
1047   -0.0001826768
1048   -0.0000607207
1049   -0.0003071505
1050   -0.0004286064
1051   -0.0003071505
1052   -0.0000607207
1053   -0.0001826768
1054   -0.0003071505
1055   -0.0005561643
1056   -0.0001826768
1057   -0.0000607207
1058   -0.0000607207
1059   -0.0003071505
1060   -0.0003071505
1061   -0.0003071505
1062   -0.0005561643
1063   -0.0005561643
1064   -0.0001826768
1065   -0.0001826768
1066   -0.0005561643
1067   -0.0005561643
1068   -0.0003071505
1069   -0.0003071505
1070   -0.0003071505
1071   -0.0001826768
1072   -0.0001826768
1073   -0.0005561643
1074   -0.0005561643
1075   -0.0004286064
1076   -0.0004286064
1077   -0.0004286064
1078   -0.0004286064
1079   -0.0003071505
1080   -0.0001826768
1081   -0.0001826768
1082   -0.0004286064
1083   -0.0004286064
1084   -0.0004286064
1085   -0.0004286064
1086   -0.0004286064
1087   -0.0004286064
1088   -0.0003071505
1089   -0.0001826768
1090   -0.0004286064
1091   -0.0004286064
1092   -0.0004286064
1093   -0.0004286064
1094   -0.0004286064
1095   -0.0004286064
1096   -0.0004286064
1097   -0.0001826768
1098   -0.0003071505
1099   -0.0004286064
1100   -0.0004286064
1101   -0.0004286064
1102   -0.0004286064
1103   -0.0004286064
1104   -0.0004286064
1105   -0.0001826768
1106   -0.0001826768
1107   -0.0003071505
1108   -0.0004286064
1109   -0.0004286064
1110   -0.0004286064
1111   -0.0004286064
1112   -0.0005561643
1113   -0.0005561643
1114   -0.0001826768
1115   -0.0001826768
1116   -0.0003071505
1117   -0.0003071505
1118   -0.0003071505
1119   -0.0005561643
1120   -0.0005561643
1121   -0.0001826768
1122   -0.0001826768
1123   -0.0005561643
1124   -0.0005561643
1125   -0.0003071505
1126   -0.0003071505
1127   -0.0003071505
1128   -0.0000607207
1129   -0.0000607207
1130   -0.0001826768
1131   -0.0005561643
1132   -0.0003071505
1133   -0.0001826768
1134   -0.0000607207
1135   -0.0003071505
1136   -0.0004286064
1137   -0.0003071505
1138   -0.0000607207
1139   -0.0001826768
1140   -0.0003071505
1141   -0.0005561643
1142   -0.0001826768
1143   -0.0000607207
1144   -0.0000607207
1145   -0.0003071505
1146   -0.0003071505
1147   -0.0003071505
1148   -0.0005561643
1149   -0.0005561643
1150   -0.0001826768
1151   -0.0001826768
1152   -0.0005561643
1153   -0.0005561643
1154   -0.0003071505
1155   -0.0003071505
1156   -0.0003071505
1157   -0.0001826768
1158   -0.0001826768
1159   -0.0005561643
1160   -0.0005561643
1161   -0.0004286064
1162   -0.0004286064
1163   -0.0004286064
1164   -0.0004286064
1165   -0.0003071505
1166   -0.0001826768
1167   -0.0001826768
1168   -0.0004286064
1169   -0.0004286064
1170   -0.0004286064
1171   -0.0004286064
1172   -0.0004286064
1173   -0.0004286064
1174   -0.0003071505
1175   -0.0001826768
1176   -0.0004286064
1177   -0.0004286064
1178   -0.0004286064
1179   -0.0004286064
1180   -0.0004286064
1181   -0.0004286064
1182   -0.0004286064
1183   -0.0001826768
1184   -0.0003071505
1185   -0.0004286064
1186   -0.0004286064
1187   -0.0004286064
1188   -0.0004286064
1189   -0.0004286064
1190   -0.0004286064
1191   -0.0001826768
1192   -0.0001826768
1193   -0.0003071505
1194   -0.0004286064
1195   -0.0004286064
1196   -0.0004286064
1197   -0.0004286064
1198   -0.0005561643
1199   -0.0005561643
1200   -0.0001826768
1201   -0.0001826768
1202   -0.0003071505
1203   -0.0003071505
1204   -0.0003071505
1205   -0.0005561643
1206   -0.0005561643
1207   -0.0001826768
1208   -0.0001826768
1209   -0.0005561643
1210   -0.0005561643
1211   -0.0003071505
1212   -0.0003071505
1213   -0.0003071505
1214   -0.0000607207
1215   -0.0000607207
1216   -0.0001826768
1217   -0.0005561643
1218   -0.0003071505
1219   -0.0001826768
1220   -0.0000607207
1221   -0.0003071505
1222   -0.0004286064
1223   -0.0003071505
1224   -0.0000607207
1225   -0.0001826768
1226   -0.0003071505
1227   -0.0005561643
1228   -0.0001826768
1229   -0.0000607207
1230   -0.0000607207
1231   -0.0003071505
1232   -0.0003071505
1233   -0.0003071505
1234   -0.0005561643
1235   -0.0005561643
1236   -0.0001826768
1237   -0.0001826768
1238   -0.0005561643
1239   -0.0005561643
1240   -0.0003071505
1241   -0.0003071505
1242   -0.0003071505
1243   -0.0001826768
1244   -0.0001826768
1245   -0.0005561643
1246   -0.0005561643
1247   -0.0004286064
1248   -0.0004286064
1249   -0.0004286064
1250   -0.0004286064
1251   -0.0003071505
1252   -0.0001826768
1253   -0.0001826768
1254   -0.0004286064
1255   -0.0004286064
1256   -0.0004286064
1257   -0.0004286064
1258   -0.0004286064
1259   -0.0004286064
1260   -0.0003071505
1261   -0.0001826768
1262   -0.0004286064
1263   -0.0004286064
1264   -0.0004286064
1265   -0.0004286064
1266   -0.0004286064
1267   -0.0004286064
1268   -0.0004286064
1269   -0.0001826768
1270   -0.0003071505
1271   -0.0004286064
1272   -0.0004286064
1273   -0.0004286064
1274   -0.0004286064
1275   -0.0004286064
1276   -0.0004286064
1277   -0.0001826768
1278   -0.0001826768
1279   -0.0003071505
1280   -0.0004286064
1281   -0.0004286064
1282   -0.0004286064
1283   -0.0004286064
1284   -0.0005561643
1285   -0.0005561643
1286   -0.0001826768
1287   -0.0001826768
1288   -0.0003071505
1289   -0.0003071505
1290   -0.0003071505
1291   -0.0005561643
1292   -0.0005561643
1293   -0.0001826768
1294   -0.0001826768
1295   -0.0005561643
1296   -0.0005561643
1297   -0.0003071505
1298   -0.0003071505
1299   -0.0003071505
1300   -0.0000607207
1301   -0.0000607207
1302   -0.0001826768
1303   -0.0005561643
1304   -0.0003071505
1305   -0.0001826768
1306   -0.0000607207
1307   -0.0003071505
1308   -0.0004286064
1309   -0.0003071505
1310   -0.0000607207
1311   -0.0001826768
1312   -0.0003071505
1313   -0.0005561643
1314   -0.0001826768
1315   -0.0000607207
1316   -0.0000607207
1317   -0.0003071505
1318   -0.0003071505
1319   -0.0003071505
1320   -0.0005561643
1321   -0.0005561643
1322   -0.0001826768
1323   -0.0001826768
1324   -0.0005561643
1325   -0.0005561643
1326   -0.0003071505
1327   -0.0003071505
1328   -0.0003071505
1329   -0.0001826768
1330   -0.0001826768
1331   -0.0005561643
1332   -0.0005561643
1333   -0.0004286064
1334   -0.0004286064
1335   -0.0004286064
1336   -0.0004286064
1337   -0.0003071505
1338   -0.0001826768
1339   -0.0001826768
1340   -0.0004286064
1341   -0.0004286064
1342   -0.0004286064
1343   -0.0004286064
1344   -0.0004286064
1345   -0.0004286064
1346   -0.0003071505
1347   -0.0001826768
1348   -0.0004286064
1349   -0.0004286064
1350   -0.0004286064
1351   -0.0004286064
1352   -0.0004286064
1353   -0.0004286064
1354   -0.0004286064
1355   -0.0001826768
1356   -0.0003071505
1357   -0.0004286064
1358   -0.0004286064
1359   -0.0004286064
1360   -0.0004286064
1361   -0.0004286064
1362   -0.0004286064
1363   -0.0001826768
1364   -0.0001826768
1365   -0.0003071505
1366   -0.0004286064
1367   -0.0004286064
1368   -0.0004286064
1369   -0.0004286064
1370   -0.0005561643
1371   -0.0005561643
1372   -0.0001826768
1373   -0.0001826768
1374   -0.0003071505
1375   -0.0003071505
1376   -0.0003071505
1377   -0.0005561643
1378   -0.0005561643
1379   -0.0001826768
1380   -0.0001826768
1381   -0.0005561643
1382   -0.0005561643
1383   -0.0003071505
1384   -0.0003071505
1385   -0.0003071505
1386   -0.0000607207
1387   -0.0000607207
1388   -0.0001826768
1389   -0.0005561643
1390   -0.0003071505
1391   -0.0001826768
1392   -0.0000607207
1393   -0.0003071505
1394   -0.0004286064
1395   -0.0003071505
1396   -0.0000607207
1397   -0.0001826768
1398   -0.0003071505
1399   -0.0005561643
1400   -0.0001826768
1401   -0.0000607207
1402   -0.0000607207
1403   -0.0003071505
1404   -0.0003071505
1405   -0.0003071505
1406   -0.0005561643
1407   -0.0005561643
1408   -0.0001826768
1409   -0.0001826768
1410   -0.0005561643
1411   -0.0005561643
1412   -0.0003071505
1413   -0.0003071505
1414   -0.0003071505
1415   -0.0001826768
1416   -0.0001826768
1417   -0.0005561643
1418   -0.0005561643
1419   -0.0004286064
1420   -0.0004286064
1421   -0.0004286064
1422   -0.0004286064
1423   -0.0003071505
1424   -0.0001826768
1425   -0.0001826768
1426   -0.0004286064
1427   -0.0004286064
1428   -0.0004286064
1429   -0.0004286064
1430   -0.0004286064
1431   -0.0004286064
1432   -0.0003071505
1433   -0.0001826768
1434   -0.0004286064
1435   -0.0004286064
1436   -0.0004286064
1437   -0.0004286064
1438   -0.0004286064
1439   -0.0004286064
1440   -0.0004286064
1441   -0.0001826768
1442   -0.0003071505
1443   -0.0004286064
1444   -0.0004286064
1445   -0.0004286064
1446   -0.0004286064
1447   -0.0004286064
1448   -0.0004286064
1449   -0.0001826768
1450   -0.0001826768
1451   -0.0003071505
1452   -0.0004286064
1453   -0.0004286064
1454   -0.0004286064
1455   -0.0004286064
1456   -0.0005561643
1457   -0.0005561643
1458   -0.0001826768
1459   -0.0001826768
1460   -0.0003071505
1461   -0.0003071505
1462   -0.0003071505
1463   -0.0005561643
1464   -0.0005561643
1465   -0.0001826768
1466   -0.0001826768
1467   -0.0005561643
1468   -0.0005561643
1469   -0.0003071505
1470   -0.0003071505
1471   -0.0003071505
1472   -0.0000607207
1473   -0.0000607207
1474   -0.0001826768
1475   -0.0005561643
1476   -0.0003071505
1477   -0.0001826768
1478   -0.0000607207
1479   -0.0003071505
1480   -0.0004286064
1481   -0.0003071505
1482   -0.0000607207
1483   -0.0001826768
1484   -0.0003071505
1485   -0.0005561643
1486   -0.0001826768
1487   -0.0000607207
1488   -0.0000607207
1489   -0.0003071505
1490   -0.0003071505
1491   -0.0003071505
1492   -0.0005561643
1493   -0.0005561643
1494   -0.0001826768
1495   -0.0001826768
1496   -0.0005561643
1497   -0.0005561643
1498   -0.0003071505
1499   -0.0003071505
1500   -0.0003071505
1501   -0.0001826768
1502   -0.0001826768
1503   -0.0005561643
1504   -0.0005561643
1505   -0.0004286064
1506   -0.0004286064
1507   -0.0004286064
1508   -0.0004286064
1509   -0.0003071505
1510   -0.0001826768
1511   -0.0001826768
1512   -0.0004286064
1513   -0.0004286064
1514   -0.0004286064
1515   -0.0004286064
1516   -0.0004286064
1517   -0.0004286064
1518   -0.0003071505
1519   -0.0001826768
1520   -0.0004286064
1521   -0.0004286064
1522   -0.0004286064
1523   -0.0004286064
1524   -0.0004286064
1525   -0.0004286064
1526   -0.0004286064
1527   -0.0001826768
1528   -0.0003071505
1529   -0.0004286064
1530   -0.0004286064
1531   -0.0004286064
1532   -0.0004286064
1533   -0.0004286064
1534   -0.0004286064
1535   -0.0001826768
1536   -0.0001826768
1537   -0.0003071505
1538   -0.0004286064
1539   -0.0004286064
1540   -0.0004286064
1541   -0.0004286064
1542   -0.0005561643
1543   -0.0005561643
1544   -0.0001826768
1545   -0.0001826768
1546   -0.0003071505
1547   -0.0003071505
1548   -0.0003071505
1549   -0.0005561643
1550   -0.0005561643
1551   -0.0001826768
1552   -0.0001826768
1553   -0.0005561643
1554   -0.0005561643
1555   -0.0003071505
1556   -0.0003071505
1557   -0.0003071505
1558   -0.0000607207
1559   -0.0000607207
1560   -0.0001826768
1561   -0.0005561643
1562   -0.0003071505
1563   -0.0001826768
1564   -0.0000607207
1565   -0.0003071505
1566   -0.0004286064
1567   -0.0003071505
1568   -0.0000607207
1569   -0.0001826768
1570   -0.0003071505
1571   -0.0005561643
1572   -0.0001826768
1573   -0.0000607207
1574   -0.0000607207
1575   -0.0003071505
1576   -0.0003071505
1577   -0.0003071505
1578   -0.0005561643
1579   -0.0005561643
1580   -0.0001826768
1581   -0.0001826768
1582   -0.0005561643
1583   -0.0005561643
1584   -0.0003071505
1585   -0.0003071505
1586   -0.0003071505
1587   -0.0001826768
1588   -0.0001826768
1589   -0.0005561643
1590   -0.0005561643
1591   -0.0004286064
1592   -0.0004286064
1593   -0.0004286064
1594   -0.0004286064
1595   -0.0003071505
1596   -0.0001826768
1597   -0.0001826768
1598   -0.0004286064
1599   -0.0004286064
1600   -0.0004286064
1601   -0.0004286064
1602   -0.0004286064
1603   -0.0004286064
1604   -0.0003071505
1605   -0.0001826768
1606   -0.0004286064
1607   -0.0004286064
1608   -0.0004286064
1609   -0.0004286064
1610   -0.0004286064
1611   -0.0004286064
1612   -0.0004286064
1613   -0.0001826768
1614   -0.0001826768
1615   -0.0004286064
1616   -0.0004286064
1617   -0.0004286064
1618   -0.0004286064
1619   -0.0004286064
1620   -0.0004286064
1621   -0.0004286064
1622   -0.0001826768
1623   -0.0001826768
1624   -0.0004286064
1625   -0.0004286064
1626   -0.0004286064
1627   -0.0004286064
1628   -0.0004286064
1629   -0.0004286064
1630   -0.0004286064
1631   -0.0001826768
1632   -0.0001826768
1633   -0.0004286064
1634   -0.0004286064
1635   -0.0004286064
1636   -0.0004286064
1637   -0.0004286064
1638   -0.0004286064
1639   -0.0004286064
1640   -0.0001826768
1641   -0.0000607207
1642   -0.0001826768
1643   -0.0001826768
1644   -0.0001826768
1645   -0.0001826768
1646   -0.0001826768
1647   -0.0001826768
1648   -0.0001826768
1649   -0.0000607207
1650   -0.0001826768
1651   -0.0004286064
1652   -0.0004286064
1653   -0.0004286064
1654   -0.0004286064
1655   -0.0004286064
1656   -0.0004286064
1657   -0.0004286064
1658   -0.0001826768
1659   -0.0004286064
1660   -0.0009529064
1661   -0.0009529064
1662   -0.0009529064
1663   -0.0009529064
1664   -0.0009529064
1665   -0.0009529064
1666   -0.0009529064
1667   -0.0004286064
1668   -0.0004286064
1669   -0.0009529064
1670   -0.0009529064
1671   -0.0009529064
1672   -0.0009529064
1673   -0.0009529064
1674   -0.0009529064
1675   -0.0009529064
1676   -0.0004286064
1677   -0.0004286064
1678   -0.0009529064
1679   -0.0009529064
1680   -0.0009529064
1681   -0.0009529064
1682   -0.0009529064
1683   -0.0009529064
1684   -0.0009529064
1685   -0.0004286064
1686   -0.0004286064
1687   -0.0009529064
1688   -0.0009529064
1689   -0.0009529064
1690   -0.0009529064
1691   -0.0009529064
1692   -0.0009529064
1693   -0.0009529064
1694   -0.0004286064
1695   -0.0008320924
1696   -0.0008320924
1697   -0.0008320924
1698   -0.0009529064
1699   -0.0009529064
1700   -0.0009529064
1701   -0.0009529064
1702   -0.0004286064
1703   -0.0004286064
1704   -0.0006843305
1705   -0.0008320924
1706   -0.0008320924
1707   -0.0010847275
1708   -0.0010847275
1709   -0.0010847275
1710   -0.0010847275
1711   -0.0005561643
1712   -0.0005561643
1713   -0.0006843305
1714   -0.0006843305
1715   -0.0006843305
1716   -0.0010847275
1717   -0.0010847275
1718   -0.0005561643
1719   -0.0005561643
1720   -0.0010847275
1721   -0.0010847275
1722   -0.0004286064
1723   -0.0004286064
1724   -0.0004286064
1725   -0.0003071505
1726   -0.0003071505
1727   -0.0005561643
1728   -0.0010847275
1729   -0.0008320924
1730   -0.0003071505
1731   -0.0001826768
1732   -0.0001826768
1733   -0.0003071505
1734   -0.0001826768
1735   -0.0001826768
1736   -0.0003071505
1737   -0.0008320924
1738   -0.0010847275
1739   -0.0005561643
1740   -0.0003071505
1741   -0.0003071505
1742   -0.0004286064
1743   -0.0004286064
1744   -0.0004286064
1745   -0.0010847275
1746   -0.0010847275
1747   -0.0005561643
1748   -0.0005561643
1749   -0.0010847275
1750   -0.0010847275
1751   -0.0006843305
1752   -0.0006843305
1753   -0.0006843305
1754   -0.0005561643
1755   -0.0005561643
1756   -0.0010847275
1757   -0.0010847275
1758   -0.0010847275
1759   -0.0010847275
1760   -0.0008320924
1761   -0.0008320924
1762   -0.0006843305
1763   -0.0004286064
1764   -0.0004286064
1765   -0.0009529064
1766   -0.0009529064
1767   -0.0009529064
1768   -0.0009529064
1769   -0.0008320924
1770   -0.0008320924
1771   -0.0008320924
1772   -0.0004286064
1773   -0.0009529064
1774   -0.0009529064
1775   -0.0008320924
1776   -0.0008320924
1777   -0.0008320924
1778   -0.0009529064
1779   -0.0009529064
1780   -0.0004286064
1781   -0.0008320924
1782   -0.0008320924
1783   -0.0008320924
1784   -0.0009529064
1785   -0.0009529064
1786   -0.0009529064
1787   -0.0009529064
1788   -0.0004286064
1789   -0.0004286064
1790   -0.0006843305
1791   -0.0008320924
1792   -0.0008320924
1793   -0.0010847275
1794   -0.0010847275
1795   -0.0010847275
1796   -0.0010847275
1797   -0.0005561643
1798   -0.0005561643
1799   -0.0006843305
1800   -0.0006843305
1801   -0.0006843305
1802   -0.0010847275
1803   -0.0010847275
1804   -0.0005561643
1805   -0.0005561643
1806   -0.0010847275
1807   -0.0010847275
1808   -0.0004286064
1809   -0.0004286064
1810   -0.0004286064
1811   -0.0003071505
1812   -0.0003071505
1813   -0.0005561643
1814   -0.0010847275
1815   -0.0008320924
1816   -0.0003071505
1817   -0.0001826768
1818   -0.0001826768
1819   -0.0003071505
1820   -0.0001826768
1821   -0.0001826768
1822   -0.0003071505
1823   -0.0008320924
1824   -0.0010847275
1825   -0.0005561643
1826   -0.0003071505
1827   -0.0003071505
1828   -0.0004286064
1829   -0.0004286064
1830   -0.0004286064
1831   -0.0010847275
1832   -0.0010847275
1833   -0.0005561643
1834   -0.0005561643
1835   -0.0010847275
1836   -0.0010847275
1837   -0.0006843305
1838   -0.0006843305
1839   -0.0006843305
1840   -0.0005561643
1841   -0.0005561643
1842   -0.0010847275
1843   -0.0010847275
1844   -0.0010847275
1845   -0.0010847275
1846   -0.0008320924
1847   -0.0008320924
1848   -0.0006843305
1849   -0.0004286064
1850   -0.0004286064
1851   -0.0009529064
1852   -0.0009529064
1853   -0.0009529064
1854   -0.0009529064
1855   -0.0008320924
1856   -0.0008320924
1857   -0.0008320924
1858   -0.0004286064
1859   -0.0009529064
1860   -0.0009529064
1861   -0.0008320924
1862   -0.0008320924
1863   -0.0008320924
1864   -0.0009529064
1865   -0.0009529064
1866   -0.0004286064
1867   -0.0008320924
1868   -0.0008320924
1869   -0.0008320924
1870   -0.0009529064
1871   -0.0009529064
1872   -0.0009529064
1873   -0.0009529064
1874   -0.0004286064
1875   -0.0004286064
1876   -0.0006843305
1877   -0.0008320924
1878   -0.0008320924
1879   -0.0010847275
1880   -0.0010847275
1881   -0.0010847275
1882   -0.0010847275
1883   -0.0005561643
1884   -0.0005561643
1885   -0.0006843305
1886   -0.0006843305
1887   -0.0006843305
1888   -0.0010847275
1889   -0.0010847275
1890   -0.0005561643
1891   -0.0005561643
1892   -0.0010847275
1893   -0.0010847275
1894   -0.0004286064
1895   -0.0004286064
1896   -0.0004286064
1897   -0.0003071505
1898   -0.0003071505
1899   -0.0005561643
1900   -0.0010847275
1901   -0.0008320924
1902   -0.0003071505
1903   -0.0001826768
1904   -0.0001826768
1905   -0.0003071505
1906   -0.0001826768
1907   -0.0001826768
1908   -0.0003071505
1909   -0.0008320924
1910   -0.0010847275
1911   -0.0005561643
1912   -0.0003071505
1913   -0.0003071505
1914   -0.0004286064
1915   -0.0004286064
1916   -0.0004286064
1917   -0.0010847275
1918   -0.0010847275
1919   -0.0005561643
1920   -0.0005561643
1921   -0.0010847275
1922   -0.0010847275
1923   -0.0006843305
1924   -0.0006843305
1925   -0.0006843305
1926   -0.0005561643
1927   -0.0005561643
1928   -0.0010847275
1929   -0.0010847275
1930   -0.0010847275
1931   -0.0010847275
1932   -0.0008320924
1933   -0.0008320924
1934   -0.0006843305
1935   -0.0004286064
1936   -0.0004286064
1937   -0.0009529064
1938   -0.0009529064
1939   -0.0009529064
1940   -0.0009529064
1941   -0.0008320924
1942   -0.0008320924
1943   -0.0008320924
1944   -0.0004286064
1945   -0.0009529064
1946   -0.0009529064
1947   -0.0008320924
1948   -0.0008320924
1949   -0.0008320924
1950   -0.0009529064
1951   -0.0009529064
1952   -0.0004286064
1953   -0.0008320924
1954   -0.0008320924
1955   -0.0008320924
1956   -0.0009529064
1957   -0.0009529064
1958   -0.0009529064
1959   -0.0009529064
1960   -0.0004286064
1961   -0.0004286064
1962   -0.0006843305
1963   -0.0008320924
1964   -0.0008320924
1965   -0.0010847275
1966   -0.0010847275
1967   -0.0010847275
1968   -0.0010847275
1969   -0.0005561643
1970   -0.0005561643
1971   -0.0006843305
1972   -0.0006843305
1973   -0.0006843305
1974   -0.0010847275
1975   -0.0010847275
1976   -0.0005561643
1977   -0.0005561643
1978   -0.0010847275
1979   -0.0010847275
1980   -0.0004286064
1981   -0.0004286064
1982   -0.0004286064
1983   -0.0003071505
1984   -0.0003071505
1985   -0.0005561643
1986   -0.0010847275
1987   -0.0008320924
1988   -0.0003071505
1989   -0.0001826768
1990   -0.0001826768
1991   -0.0003071505
1992   -0.0001826768
1993   -0.0001826768
1994   -0.0003071505
1995   -0.0008320924
1996   -0.0010847275
1997   -0.0005561643
1998   -0.0003071505
1999   -0.0003071505
2000   -0.0004286064
2001   -0.0004286064
2002   -0.0004286064
2003   -0.0010847275
2004   -0.0010847275
2005   -0.0005561643
2006   -0.0005561643
2007   -0.0010847275
2008   -0.0010847275
2009   -0.0006843305
2010   -0.0006843305
2011   -0.0006843305
2012   -0.0005561643
2013   -0.0005561643
2014   -0.0010847275
2015   -0.0010847275
2016   -0.0010847275
2017   -0.0010847275
2018   -0.0008320924
2019   -0.0008320924
2020   -0.0006843305
2021   -0.0004286064
2022   -0.0004286064
2023   -0.0009529064
2024   -0.0009529064
2025   -0.0009529064
2026   -0.0009529064
2027   -0.0008320924
2028   -0.0008320924
2029   -0.0008320924
2030   -0.0004286064
2031   -0.0009529064
2032   -0.0009529064
2033   -0.0008320924
2034   -0.0008320924
2035   -0.0008320924
2036   -0.0009529064
2037   -0.0009529064
2038   -0.0004286064
2039   -0.0008320924
2040   -0.0008320924
2041   -0.0008320924
2042   -0.0009529064
2043   -0.0009529064
2044   -0.0009529064
2045   -0.0009529064
2046   -0.0004286064
2047   -0.0004286064
2048   -0.0006843305
2049   -0.0008320924
2050   -0.0008320924
2051   -0.0010847275
2052   -0.0010847275
2053   -0.0010847275
2054   -0.0010847275
2055   -0.0005561643
2056   -0.0005561643
2057   -0.0006843305
2058   -0.0006843305
2059   -0.0006843305
2060   -0.0010847275
2061   -0.0010847275
2062   -0.0005561643
2063   -0.0005561643
2064   -0.0010847275
2065   -0.0010847275
2066   -0.0004286064
2067   -0.0004286064
2068   -0.0004286064
2069   -0.0003071505
2070   -0.0003071505
2071   -0.0005561643
2072   -0.0010847275
2073   -0.0008320924
2074   -0.0003071505
2075   -0.0001826768
2076   -0.0001826768
2077   -0.0003071505
2078   -0.0001826768
2079   -0.0001826768
2080   -0.0003071505
2081   -0.0008320924
2082   -0.0010847275
2083   -0.0005561643
2084   -0.0003071505
2085   -0.0003071505
2086   -0.0004286064
2087   -0.0004286064
2088   -0.0004286064
2089   -0.0010847275
2090   -0.0010847275
2091   -0.0005561643
2092   -0.0005561643
2093   -0.0010847275
2094   -0.0010847275
2095   -0.0006843305
2096   -0.0006843305
2097   -0.0006843305
2098   -0.0005561643
2099   -0.0005561643
2100   -0.0010847275
2101   -0.0010847275
2102   -0.0010847275
2103   -0.0010847275
2104   -0.0008320924
2105   -0.0008320924
2106   -0.0006843305
2107   -0.0004286064
2108   -0.0004286064
2109   -0.0009529064
2110   -0.0009529064
2111   -0.0009529064
2112   -0.0009529064
2113   -0.0008320924
2114   -0.0008320924
2115   -0.0008320924
2116   -0.0004286064
2117   -0.0009529064
2118   -0.0009529064
2119   -0.0008320924
2120   -0.0008320924
2121   -0.0008320924
2122   -0.0009529064
2123   -0.0009529064
2124   -0.0004286064
2125   -0.0008320924
2126   -0.0008320924
2127   -0.0008320924
2128   -0.0009529064
2129   -0.0009529064
2130   -0.0009529064
2131   -0.0009529064
2132   -0.0004286064
2133   -0.0004286064
2134   -0.0006843305
2135   -0.0008320924
2136   -0.0008320924
2137   -0.0010847275
2138   -0.0010847275
2139   -0.0010847275
2140   -0.0010847275
2141   -0.0005561643
2142   -0.0005561643
2143   -0.0006843305
2144   -0.0006843305
2145   -0.0006843305
2146   -0.0010847275
2147   -0.0010847275
2148   -0.0005561643
2149   -0.0005561643
2150   -0.0010847275
2151   -0.0010847275
2152   -0.0004286064
2153   -0.0004286064
2154   -0.0004286064
2155   -0.0003071505
2156   -0.0003071505
2157   -0.0005561643
2158   -0.0010847275
2159   -0.0008320924
2160   -0.0003071505
2161   -0.0001826768
2162   -0.0001826768
2163   -0.0003071505
2164   -0.0001826768
2165   -0.0001826768
2166   -0.0003071505
2167   -0.0008320924
2168   -0.0010847275
2169   -0.0005561643
2170   -0.0003071505
2171   -0.0003071505
2172   -0.0004286064
2173   -0.0004286064
2174   -0.0004286064
2175   -0.0010847275
2176   -0.0010847275
2177   -0.0005561643
2178   -0.0005561643
2179   -0.0010847275
2180   -0.0010847275
2181   -0.0006843305
2182   -0.0006843305
2183   -0.0006843305
2184   -0.0005561643
2185   -0.0005561643
2186   -0.0010847275
2187   -0.0010847275
2188   -0.0010847275
2189   -0.0010847275
2190   -0.0008320924
2191   -0.0008320924
2192   -0.0006843305
2193   -0.0004286064
2194   -0.0004286064
2195   -0.0009529064
2196   -0.0009529064
2197   -0.0009529064
2198   -0.0009529064
2199   -0.0008320924
2200   -0.0008320924
2201   -0.0008320924
2202   -0.0004286064
2203   -0.0009529064
2204   -0.0009529064
2205   -0.0008320924
2206   -0.0008320924
2207   -0.0008320924
2208   -0.0009529064
2209   -0.0009529064
2210   -0.0004286064
2211   -0.0008320924
2212   -0.0008320924
2213   -0.0008320924
2214   -0.0009529064
2215   -0.0009529064
2216   -0.0009529064
2217   -0.0009529064
2218   -0.0004286064
2219   -0.0004286064
2220   -0.0006843305
2221   -0.0008320924
2222   -0.0008320924
2223   -0.0010847275
2224   -0.0010847275
2225   -0.0010847275
2226   -0.0010847275
2227   -0.0005561643
2228   -0.0005561643
2229   -0.0006843305
2230   -0.0006843305
2231   -0.0006843305
2232   -0.0010847275
2233   -0.0010847275
2234   -0.0005561643
2235   -0.0005561643
2236   -0.0010847275
2237   -0.0010847275
2238   -0.0004286064
2239   -0.0004286064
2240   -0.0004286064
2241   -0.0003071505
2242   -0.0003071505
2243   -0.0005561643
2244   -0.0010847275
2245   -0.0008320924
2246   -0.0003071505
2247   -0.0001826768
2248   -0.0001826768
2249   -0.0003071505
2250   -0.0001826768
2251   -0.0001826768
2252   -0.0003071505
2253   -0.0008320924
2254   -0.0010847275
2255   -0.0005561643
2256   -0.0003071505
2257   -0.0003071505
2258   -0.0004286064
2259   -0.0004286064
2260   -0.0004286064
2261   -0.0010847275
2262   -0.0010847275
2263   -0.0005561643
2264   -0.0005561643
2265   -0.0010847275
2266   -0.0010847275
2267   -0.0006843305
2268   -0.0006843305
2269   -0.0006843305
2270   -0.0005561643
2271   -0.0005561643
2272   -0.0010847275
2273   -0.0010847275
2274   -0.0010847275
2275   -0.0010847275
2276   -0.0008320924
2277   -0.0008320924
2278   -0.0006843305
2279   -0.0004286064
2280   -0.0004286064
2281   -0.0009529064
2282   -0.0009529064
2283   -0.0009529064
2284   -0.0009529064
2285   -0.0008320924
2286   -0.0008320924
2287   -0.0008320924
2288   -0.0004286064
2289   -0.0009529064
2290   -0.0009529064
2291   -0.0008320924
2292   -0.0008320924
2293   -0.0008320924
2294   -0.0009529064
2295   -0.0009529064
2296   -0.0004286064
2297   -0.0008320924
2298   -0.0008320924
2299   -0.0008320924
2300   -0.0009529064
2301   -0.0009529064
2302   -0.0009529064
2303   -0.0009529064
2304   -0.0004286064
2305   -0.0004286064
2306   -0.0006843305
2307   -0.0008320924
2308   -0.0008320924
2309   -0.0010847275
2310   -0.0010847275
2311   -0.0010847275
2312   -0.0010847275
2313   -0.0005561643
2314   -0.0005561643
2315   -0.0006843305
2316   -0.0006843305
2317   -0.0006843305
2318   -0.0010847275
2319   -0.0010847275
2320   -0.0005561643
2321   -0.0005561643
2322   -0.0010847275
2323   -0.0010847275
2324   -0.0004286064
2325   -0.0004286064
2326   -0.0004286064
2327   -0.0003071505
2328   -0.0003071505
2329   -0.0005561643
2330   -0.0010847275
2331   -0.0008320924
2332   -0.0003071505
2333   -0.0001826768
2334   -0.0001826768
2335   -0.0003071505
2336   -0.0001826768
2337   -0.0001826768
2338   -0.0003071505
2339   -0.0008320924
2340   -0.0010847275
2341   -0.0005561643
2342   -0.0003071505
2343   -0.0003071505
2344   -0.0004286064
2345   -0.0004286064
2346   -0.0004286064
2347   -0.0010847275
2348   -0.0010847275
2349   -0.0005561643
2350   -0.0005561643
2351   -0.0010847275
2352   -0.0010847275
2353   -0.0006843305
2354   -0.0006843305
2355   -0.0006843305
2356   -0.0005561643
2357   -0.0005561643
2358   -0.0010847275
2359   -0.0010847275
2360   -0.0010847275
2361   -0.0010847275
2362   -0.0008320924
2363   -0.0008320924
2364   -0.0006843305
2365   -0.0004286064
2366   -0.0004286064
2367   -0.0009529064
2368   -0.0009529064
2369   -0.0009529064
2370   -0.0009529064
2371   -0.0008320924
2372   -0.0008320924
2373   -0.0008320924
2374   -0.0004286064
2375   -0.0009529064
2376   -0.0009529064
2377   -0.0009529064
2378   -0.0009529064
2379   -0.0009529064
2380   -0.0009529064
2381   -0.0009529064
2382   -0.0004286064
2383   -0.0004286064
2384   -0.0009529064
2385   -0.0009529064
2386   -0.0009529064
2387   -0.0009529064
2388   -0.0009529064
2389   -0.0009529064
2390   -0.0009529064
2391   -0.0004286064
2392   -0.0004286064
2393   -0.0009529064
2394   -0.0009529064
2395   -0.0009529064
2396   -0.0009529064
2397   -0.0009529064
2398   -0.0009529064
2399   -0.0009529064
2400   -0.0004286064
2401   -0.0004286064
2402   -0.0009529064
2403   -0.0009529064
2404   -0.0009529064
2405   -0.0009529064
2406   -0.0009529064
2407   -0.0009529064
2408   -0.0009529064
2409   -0.0004286064
2410   -0.0001826768
2411   -0.0004286064
2412   -0.0004286064
2413   -0.0004286064
2414   -0.0004286064
2415   -0.0004286064
2416   -0.0004286064
2417   -0.0004286064
2418   -0.0001826768
2419   -0.0000607207
2420   -0.0001826768
2421   -0.0001826768
2422   -0.0001826768
2423   -0.0001826768
2424   -0.0001826768
2425   -0.0001826768
2426   -0.0001826768
2427   -0.0000607207
2428   -0.0001826768
2429   -0.0004286064
2430   -0.0004286064
2431   -0.0004286064
2432   -0.0004286064
2433   -0.0004286064
2434   -0.0004286064
2435   -0.0004286064
2436   -0.0001826768
2437   -0.0001826768
2438   -0.0004286064
2439   -0.0004286064
2440   -0.0004286064
2441   -0.0004286064
2442   -0.0004286064
2443   -0.0004286064
2444   -0.0004286064
2445   -0.0001826768
2446   -0.0001826768
2447   -0.0004286064
2448   -0.0004286064
2449   -0.0004286064
2450   -0.0004286064
2451   -0.0004286064
2452   -0.0004286064
2453   -0.0004286064
2454   -0.0001826768
2455   -0.0001826768
2456   -0.0004286064
2457   -0.0004286064
2458   -0.0004286064
2459   -0.0004286064
2460   -0.0004286064
2461   -0.0004286064
2462   -0.0004286064
2463   -0.0001826768
2464   -0.0003071505
2465   -0.0004286064
2466   -0.0004286064
2467   -0.0004286064
2468   -0.0004286064
2469   -0.0004286064
2470   -0.0004286064
2471   -0.0001826768
2472   -0.0001826768
2473   -0.0003071505
2474   -0.0004286064
2475   -0.0004286064
2476   -0.0004286064
2477   -0.0004286064
2478   -0.0005561643
2479   -0.0005561643
2480   -0.0001826768
2481   -0.0001826768
2482   -0.0003071505
2483   -0.0003071505
2484   -0.0003071505
2485   -0.0005561643
2486   -0.0005561643
2487   -0.0001826768
2488   -0.0001826768
2489   -0.0005561643
2490   -0.0005561643
2491   -0.0001826768
2492   -0.0001826768
2493   -0.0001826768
2494   -0.0000607207
2495   -0.0000607207
2496   -0.0001826768
2497   -0.0005561643
2498   -0.0003071505
2499   -0.0001826768
2500   -0.0000607207
2501   -0.0000607207
2502   -0.0000607207
2503   -0.0000607207
2504   -0.0000607207
2505   -0.0001826768
2506   -0.0003071505
2507   -0.0005561643
2508   -0.0001826768
2509   -0.0000607207
2510   -0.0000607207
2511   -0.0001826768
2512   -0.0001826768
2513   -0.0001826768
2514   -0.0005561643
2515   -0.0005561643
2516   -0.0001826768
2517   -0.0001826768
2518   -0.0005561643
2519   -0.0005561643
2520   -0.0003071505
2521   -0.0003071505
2522   -0.0003071505
2523   -0.0001826768
2524   -0.0001826768
2525   -0.0005561643
2526   -0.0005561643
2527   -0.0004286064
2528   -0.0004286064
2529   -0.0004286064
2530   -0.0004286064
2531   -0.0003071505
2532   -0.0001826768
2533   -0.0001826768
2534   -0.0004286064
2535   -0.0004286064
2536   -0.0004286064
2537   -0.0004286064
2538   -0.0004286064
2539   -0.0004286064
2540   -0.0003071505
2541   -0.0001826768
2542   -0.0004286064
2543   -0.0004286064
2544   -0.0004286064
2545   -0.0004286064
2546   -0.0004286064
2547   -0.0004286064
2548   -0.0004286064
2549   -0.0001826768
2550   -0.0003071505
2551   -0.0004286064
2552   -0.0004286064
2553   -0.0004286064
2554   -0.0004286064
2555   -0.0004286064
2556   -0.0004286064
2557   -0.0001826768
2558   -0.0001826768
2559   -0.0003071505
2560   -0.0004286064
2561   -0.0004286064
2562   -0.0004286064
2563   -0.0004286064
2564   -0.0005561643
2565   -0.0005561643
2566   -0.0001826768
2567   -0.0001826768
2568   -0.0003071505
2569   -0.0003071505
2570   -0.0003071505
2571   -0.0005561643
2572   -0.0005561643
2573   -0.0001826768
2574   -0.0001826768
2575   -0.0005561643
2576   -0.0005561643
2577   -0.0001826768
2578   -0.0001826768
2579   -0.0001826768
2580   -0.0000607207
2581   -0.0000607207
2582   -0.0001826768
2583   -0.0005561643
2584   -0.0003071505
2585   -0.0001826768
2586   -0.0000607207
2587   -0.0000607207
2588   -0.0000607207
2589   -0.0000607207
2590   -0.0000607207
2591   -0.0001826768
2592   -0.0003071505
2593   -0.0005561643
2594   -0.0001826768
2595   -0.0000607207
2596   -0.0000607207
2597   -0.0001826768
2598   -0.0001826768
2599   -0.0001826768
2600   -0.0005561643
2601   -0.0005561643
2602   -0.0001826768
2603   -0.0001826768
2604   -0.0005561643
2605   -0.0005561643
2606   -0.0003071505
2607   -0.0003071505
2608   -0.0003071505
2609   -0.0001826768
2610   -0.0001826768
2611   -0.0005561643
2612   -0.0005561643
2613   -0.0004286064
2614   -0.0004286064
2615   -0.0004286064
2616   -0.0004286064
2617   -0.0003071505
2618   -0.0001826768
2619   -0.0001826768
2620   -0.0004286064
2621   -0.0004286064
2622   -0.0004286064
2623   -0.0004286064
2624   -0.0004286064
2625   -0.0004286064
2626   -0.0003071505
2627   -0.0001826768
2628   -0.0004286064
2629   -0.0004286064
2630   -0.0004286064
2631   -0.0004286064
2632   -0.0004286064
2633   -0.0004286064
2634   -0.0004286064
2635   -0.0001826768
2636   -0.0003071505
2637   -0.0004286064
2638   -0.0004286064
2639   -0.0004286064
2640   -0.0004286064
2641   -0.0004286064
2642   -0.0004286064
2643   -0.0001826768
2644   -0.0001826768
2645   -0.0003071505
2646   -0.0004286064
2647   -0.0004286064
2648   -0.0004286064
2649   -0.0004286064
2650   -0.0005561643
2651   -0.0005561643
2652   -0.0001826768
2653   -0.0001826768
2654   -0.0003071505
2655   -0.0003071505
2656   -0.0003071505
2657   -0.0005561643
2658   -0.0005561643
2659   -0.0001826768
2660   -0.0001826768
2661   -0.0005561643
2662   -0.0005561643
2663   -0.0001826768
2664   -0.0001826768
2665   -0.0001826768
2666   -0.0000607207
2667   -0.0000607207
2668   -0.0001826768
2669   -0.0005561643
2670   -0.0003071505
2671   -0.0001826768
2672   -0.0000607207
2673   -0.0000607207
2674   -0.0000607207
2675   -0.0000607207
2676   -0.0000607207
2677   -0.0001826768
2678   -0.0003071505
2679   -0.0005561643
2680   -0.0001826768
2681   -0.0000607207
2682   -0.0000607207
2683   -0.0001826768
2684   -0.0001826768
2685   -0.0001826768
2686   -0.0005561643
2687   -0.0005561643
2688   -0.0001826768
2689   -0.0001826768
2690   -0.0005561643
2691   -0.0005561643
2692   -0.0003071505
2693   -0.0003071505
2694   -0.0003071505
2695   -0.0001826768
2696   -0.0001826768
2697   -0.0005561643
2698   -0.0005561643
2699   -0.0004286064
2700   -0.0004286064
2701   -0.0004286064
2702   -0.0004286064
2703   -0.0003071505
2704   -0.0001826768
2705   -0.0001826768
2706   -0.0004286064
2707   -0.0004286064
2708   -0.0004286064
2709   -0.0004286064
2710   -0.0004286064
2711   -0.0004286064
2712   -0.0003071505
2713   -0.0001826768
2714   -0.0004286064
2715   -0.0004286064
2716   -0.0004286064
2717   -0.0004286064
2718   -0.0004286064
2719   -0.0004286064
2720   -0.0004286064
2721   -0.0001826768
2722   -0.0003071505
2723   -0.0004286064
2724   -0.0004286064
2725   -0.0004286064
2726   -0.0004286064
2727   -0.0004286064
2728   -0.0004286064
2729   -0.0001826768
2730   -0.0001826768
2731   -0.0003071505
2732   -0.0004286064
2733   -0.0004286064
2734   -0.0004286064
2735   -0.0004286064
2736   -0.0005561643
2737   -0.0005561643
2738   -0.0001826768
2739   -0.0001826768
2740   -0.0003071505
2741   -0.0003071505
2742   -0.0003071505
2743   -0.0005561643
2744   -0.0005561643
2745   -0.0001826768
2746   -0.0001826768
2747   -0.0005561643
2748   -0.0005561643
2749   -0.0001826768
2750   -0.0001826768
2751   -0.0001826768
2752   -0.0000607207
2753   -0.0000607207
2754   -0.0001826768
2755   -0.0005561643
2756   -0.0003071505
2757   -0.0001826768
2758   -0.0000607207
2759   -0.0000607207
2760   -0.0000607207
2761   -0.0000607207
2762   -0.0000607207
2763   -0.0001826768
2764   -0.0003071505
2765   -0.0005561643
2766   -0.0001826768
2767   -0.0000607207
2768   -0.0000607207
2769   -0.0001826768
2770   -0.0001826768
2771   -0.0001826768
2772   -0.0005561643
2773   -0.0005561643
2774   -0.0001826768
2775   -0.0001826768
2776   -0.0005561643
2777   -0.0005561643
2778   -0.0003071505
2779   -0.0003071505
2780   -0.0003071505
2781   -0.0001826768
2782   -0.0001826768
2783   -0.0005561643
2784   -0.0005561643
2785   -0.0004286064
2786   -0.0004286064
2787   -0.0004286064
2788   -0.0004286064
2789   -0.0003071505
2790   -0.0001826768
2791   -0.0001826768
2792   -0.0004286064
2793   -0.0004286064
2794   -0.0004286064
2795   -0.0004286064
2796   -0.0004286064
2797   -0.0004286064
2798   -0.0003071505
2799   -0.0001826768
2800   -0.0004286064
2801   -0.0004286064
2802   -0.0004286064
2803   -0.0004286064
2804   -0.0004286064
2805   -0.0004286064
2806   -0.0004286064
2807   -0.0001826768
2808   -0.0003071505
2809   -0.0004286064
2810   -0.0004286064
2811   -0.0004286064
2812   -0.0004286064
2813   -0.0004286064
2814   -0.0004286064
2815   -0.0001826768
2816   -0.0001826768
2817   -0.0003071505
2818   -0.0004286064
2819   -0.0004286064
2820   -0.0004286064
2821   -0.0004286064
2822   -0.0005561643
2823   -0.0005561643
2824   -0.0001826768
2825   -0.0001826768
2826   -0.0003071505
2827   -0.0003071505
2828   -0.0003071505
2829   -0.0005561643
2830   -0.0005561643
2831   -0.0001826768
2832   -0.0001826768
2833   -0.0005561643
2834   -0.0005561643
2835   -0.0001826768
2836   -0.0001826768
2837   -0.0001826768
2838   -0.0000607207
2839   -0.0000607207
2840   -0.0001826768
2841   -0.0005561643
2842   -0.0003071505
2843   -0.0001826768
2844   -0.0000607207
2845   -0.0000607207
2846   -0.0000607207
2847   -0.0000607207
2848   -0.0000607207
2849   -0.0001826768
2850   -0.0003071505
2851   -0.0005561643
2852   -0.0001826768
2853   -0.0000607207
2854   -0.0000607207
2855   -0.0001826768
2856   -0.0001826768
2857   -0.0001826768
2858   -0.0005561643
2859   -0.0005561643
2860   -0.0001826768
2861   -0.0001826768
2862   -0.0005561643
2863   -0.0005561643
2864   -0.0003071505
2865   -0.0003071505
2866   -0.0003071505
2867   -0.0001826768
2868   -0.0001826768
2869   -0.0005561643
2870   -0.0005561643
2871   -0.0004286064
2872   -0.0004286064
2873   -0.0004286064
2874   -0.0004286064
2875   -0.0003071505
2876   -0.0001826768
2877   -0.0001826768
2878   -0.0004286064
2879   -0.0004286064
2880   -0.0004286064
2881   -0.0004286064
2882   -0.0004286064
2883   -0.0004286064
2884   -0.0003071505
2885   -0.0001826768
2886   -0.0004286064
2887   -0.0004286064
2888   -0.0004286064
2889   -0.0004286064
2890   -0.0004286064
2891   -0.0004286064
2892   -0.0004286064
2893   -0.0001826768
2894   -0.0003071505
2895   -0.0004286064
2896   -0.0004286064
2897   -0.0004286064
2898   -0.0004286064
2899   -0.0004286064
2900   -0.0004286064
2901   -0.0001826768
2902   -0.0001826768
2903   -0.0003071505
2904   -0.0004286064
2905   -0.0004286064
2906   -0.0004286064
2907   -0.0004286064
2908   -0.0005561643
2909   -0.0005561643
2910   -0.0001826768
2911   -0.0001826768
2912   -0.0003071505
2913   -0.0003071505
2914   -0.0003071505
2915   -0.0005561643
2916   -0.0005561643
2917   -0.0001826768
2918   -0.0001826768
2919   -0.0005561643
2920   -0.0005561643
2921   -0.0001826768
2922   -0.0001826768
2923   -0.0001826768
2924   -0.0000607207
2925   -0.0000607207
2926   -0.0001826768
2927   -0.0005561643
2928   -0.0003071505
2929   -0.0001826768
2930   -0.0000607207
2931   -0.0000607207
2932   -0.0000607207
2933   -0.0000607207
2934   -0.0000607207
2935   -0.0001826768
2936   -0.0003071505
2937   -0.0005561643
2938   -0.0001826768
2939   -0.0000607207
2940   -0.0000607207
2941   -0.0001826768
2942   -0.0001826768
2943   -0.0001826768
2944   -0.0005561643
2945   -0.0005561643
2946   -0.0001826768
2947   -0.0001826768
2948   -0.0005561643
2949   -0.0005561643
2950   -0.0003071505
2951   -0.0003071505
2952   -0.0003071505
2953   -0.0001826768
2954   -0.0001826768
2955   -0.0005561643
2956   -0.0005561643
2957   -0.0004286064
2958   -0.0004286064
2959   -0.0004286064
2960   -0.0004286064
2961   -0.0003071505
2962   -0.0001826768
2963   -0.0001826768
2964   -0.0004286064
2965   -0.0004286064
2966   -0.0004286064
2967   -0.0004286064
2968   -0.0004286064
2969   -0.0004286064
2970   -0.0003071505
2971   -0.0001826768
2972   -0.0004286064
2973   -0.0004286064
2974   -0.0004286064
2975   -0.0004286064
2976   -0.0004286064
2977   -0.0004286064
2978   -0.0004286064
2979   -0.0001826768
2980   -0.0003071505
2981   -0.0004286064
2982   -0.0004286064
2983   -0.0004286064
2984   -0.0004286064
2985   -0.0004286064
2986   -0.0004286064
2987   -0.0001826768
2988   -0.0001826768
2989   -0.0003071505
2990   -0.0004286064
2991   -0.0004286064
2992   -0.0004286064
2993   -0.0004286064
2994   -0.0005561643
2995   -0.0005561643
2996   -0.0001826768
2997   -0.0001826768
2998   -0.0003071505
2999   -0.0003071505
3000   -0.0003071505
3001   -0.0005561643
3002   -0.0005561643
3003   -0.0001826768
3004   -0.0001826768
3005   -0.0005561643
3006   -0.0005561643
3007   -0.0001826768
3008   -0.0001826768
3009   -0.0001826768
3010   -0.0000607207
3011   -0.0000607207
3012   -0.0001826768
3013   -0.0005561643
3014   -0.0003071505
3015   -0.0001826768
3016   -0.0000607207
3017   -0.0000607207
3018   -0.0000607207
3019   -0.0000607207
3020   -0.0000607207
3021   -0.0001826768
3022   -0.0003071505
3023   -0.0005561643
3024   -0.0001826768
3025   -0.0000607207
3026   -0.0000607207
3027   -0.0001826768
3028   -0.0001826768
3029   -0.0001826768
3030   -0.0005561643
3031   -0.0005561643
3032   -0.0001826768
3033   -0.0001826768
3034   -0.0005561643
3035   -0.0005561643
3036   -0.0003071505
3037   -0.0003071505
3038   -0.0003071505
3039   -0.0001826768
3040   -0.0001826768
3041   -0.0005561643
3042   -0.0005561643
3043   -0.0004286064
3044   -0.0004286064
3045   -0.0004286064
3046   -0.0004286064
3047   -0.0003071505
3048   -0.0001826768
3049   -0.0001826768
3050   -0.0004286064
3051   -0.0004286064
3052   -0.0004286064
3053   -0.0004286064
3054   -0.0004286064
3055   -0.0004286064
3056   -0.0003071505
3057   -0.0001826768
3058   -0.0004286064
3059   -0.0004286064
3060   -0.0004286064
3061   -0.0004286064
3062   -0.0004286064
3063   -0.0004286064
3064   -0.0004286064
3065   -0.0001826768
3066   -0.0003071505
3067   -0.0004286064
3068   -0.0004286064
3069   -0.0004286064
3070   -0.0004286064
3071   -0.0004286064
3072   -0.0004286064
3073   -0.0001826768
3074   -0.0001826768
3075   -0.0003071505
3076   -0.0004286064
3077   -0.0004286064
3078   -0.0004286064
3079   -0.0004286064
3080   -0.0005561643
3081   -0.0005561643
3082   -0.0001826768
3083   -0.0001826768
3084   -0.0003071505
3085   -0.0003071505
3086   -0.0003071505
3087   -0.0005561643
3088   -0.0005561643
3089   -0.0001826768
3090   -0.0001826768
3091   -0.0005561643
3092   -0.0005561643
3093   -0.0001826768
3094   -0.0001826768
3095   -0.0001826768
3096   -0.0000607207
3097   -0.0000607207
3098   -0.0001826768
3099   -0.0005561643
3100   -0.0003071505
3101   -0.0001826768
3102   -0.0000607207
3103   -0.0000607207
3104   -0.0000607207
3105   -0.0000607207
3106   -0.0000607207
3107   -0.0001826768
3108   -0.0003071505
3109   -0.0005561643
3110   -0.0001826768
3111   -0.0000607207
3112   -0.0000607207
3113   -0.0001826768
3114   -0.0001826768
3115   -0.0001826768
3116   -0.0005561643
3117   -0.0005561643
3118   -0.0001826768
3119   -0.0001826768
3120   -0.0005561643
3121   -0.0005561643
3122   -0.0003071505
3123   -0.0003071505
3124   -0.0003071505
3125   -0.0001826768
3126   -0.0001826768
3127   -0.0005561643
3128   -0.0005561643
3129   -0.0004286064
3130   -0.0004286064
3131   -0.0004286064
3132   -0.0004286064
3133   -0.0003071505
3134   -0.0001826768
3135   -0.0001826768
3136   -0.0004286064
3137   -0.0004286064
3138   -0.0004286064
3139   -0.0004286064
3140   -0.0004286064
3141   -0.0004286064
3142   -0.0003071505
3143   -0.0001826768
3144   -0.0004286064
3145   -0.0004286064
3146   -0.0004286064
3147   -0.0004286064
3148   -0.0004286064
3149   -0.0004286064
3150   -0.0004286064
3151   -0.0001826768
3152   -0.0001826768
3153   -0.0004286064
3154   -0.0004286064
3155   -0.0004286064
3156   -0.0004286064
3157   -0.0004286064
3158   -0.0004286064
3159   -0.0004286064
3160   -0.0001826768
3161   -0.0001826768
3162   -0.0004286064
3163   -0.0004286064
3164   -0.0004286064
3165   -0.0004286064
3166   -0.0004286064
3167   -0.0004286064
3168   -0.0004286064
3169   -0.0001826768
3170   -0.0001826768
3171   -0.0004286064
3172   -0.0004286064
3173   -0.0004286064
3174   -0.0004286064
3175   -0.0004286064
3176   -0.0004286064
3177   -0.0004286064
3178   -0.0001826768
3179   -0.0000607207
3180   -0.0001826768
3181   -0.0001826768
3182   -0.0001826768
3183   -0.0001826768
3184   -0.0001826768
3185   -0.0001826768
3186   -0.0001826768
3187   -0.0000607207
